

 Numbers of non-zero-weighted points of each type

 {delta}Hdil =   73
 EMF =  169
 Cp =   74
 Isopiestic =  263
 Alpha =   44


 SQ OSM  = 0.2521E+02   SQ ALPHA = 0.2198E+01   SQ EMF = 0.1847E+02
 SQ HDIL = 0.1274E+02   SQ PHICP = 0.5622E+01


  Covariance Matrix:

  0.996874180452E-05  0.377503061898E-03  0.317283787081E-05 -0.276339171343E-06 -0.779600606520E-05  0.294156282900E-04  0.180106940780E-05 -0.203203008030E-05 -0.791252605956E-04 -0.105925500265E-05  0.459444608829E-07 -0.154988410155E-04 -0.118587448324E-02 -0.483730729077E-04 -0.104517878906E-05 -0.923147371885E-04 -0.560399387531E-03  0.829508882560E-04  0.268317940511E-05  0.494609962569E-05  0.368132990881E-03  0.159262397482E-04  0.350215796985E-06 -0.202340859420E-03  0.372065827365E-04 -0.114583230136E-03  0.189780239281E-02  0.682238304721E-07 -0.531508103957E-04 -0.856137578461E-06  0.386828838960E-07  0.456860522011E-04  0.787305900098E-06 -0.339284536246E-07 -0.109515567374E-04 -0.148958685793E-06  0.136259140210E-07 -0.155916795690E-07 -0.835354682230E-09 -0.553431297800E-10  0.435255450954E-08 -0.156995350508E-07  0.295097926495E-04  0.193196731710E-03  0.326899065702E-04
  0.377503061898E-03  0.938277747748E-01  0.450880510157E-02  0.562908256357E-04  0.122971926470E-02 -0.148383845903E-02 -0.963218751737E-04 -0.963098083479E-04 -0.168430164729E-01 -0.851198323435E-03 -0.140078010743E-04 -0.431167495392E-03 -0.182431731818E+00 -0.128086830084E-01 -0.308347946281E-03 -0.253240323580E-01 -0.821652951694E+00 -0.215657707548E-01 -0.121195396158E-03  0.205655928172E-03  0.503142734089E-01  0.357554625235E-02  0.949239233682E-04 -0.812589588175E+00 -0.386560003706E-01  0.400488768468E-01 -0.447333770644E+00  0.101071552834E-04  0.147258054594E-02  0.140787063430E-04  0.496228794268E-05  0.215629733397E-02  0.469393354539E-04 -0.477268650034E-05  0.254963131111E-02  0.417816787880E-04  0.243490015179E-05 -0.103795642646E-05 -0.165978654257E-06 -0.322657211957E-06  0.624542487887E-06 -0.121994447588E-05 -0.143905468581E-02  0.323871748493E-01 -0.148665982415E-02
  0.317283787081E-05  0.450880510157E-02  0.332025977340E-03  0.754161193102E-05  0.999115505678E-04 -0.329103286707E-03 -0.209224552635E-04 -0.112933113796E-05 -0.844586145780E-03 -0.660706591454E-04 -0.179193941424E-05  0.355284190050E-04 -0.475086286658E-02 -0.614607261209E-03 -0.197727452343E-04 -0.112122395755E-02 -0.558987485417E-01 -0.186788323442E-02 -0.107030384955E-04 -0.902266172201E-05  0.130680436271E-02  0.174723604888E-03  0.625382055477E-05 -0.332940307896E-01 -0.221062354432E-02  0.317549035837E-02 -0.136109962164E-01  0.203691662098E-06  0.302760523978E-03  0.423762901665E-05  0.883257640603E-07 -0.107165896282E-03 -0.964155679503E-06 -0.962667976291E-07  0.315472431704E-03  0.506371299378E-05  0.603517688878E-07 -0.125726560119E-07 -0.102004806168E-07 -0.680785858007E-08  0.789855304054E-08 -0.126728152617E-07 -0.802103201315E-03  0.160567245957E-02 -0.401777451448E-03
 -0.276339171343E-06  0.562908256357E-04  0.754161193102E-05  0.328060274430E-06  0.371615164868E-05 -0.136180650568E-04 -0.107241916046E-05  0.768044857646E-07 -0.986340352932E-05 -0.150846798393E-05 -0.721194441285E-07  0.246881603241E-05  0.471751491174E-04 -0.110986636124E-04 -0.538122180874E-06 -0.355918390190E-04 -0.227024440366E-02 -0.909566119688E-04 -0.692435342389E-06 -0.891091037378E-06 -0.291392108502E-04  0.212988346982E-05  0.138996668246E-06 -0.236655094199E-03 -0.405741164476E-04  0.163170355925E-03 -0.357198993413E-03 -0.102685820008E-08  0.187923186170E-04  0.289558835097E-06 -0.964672712255E-09 -0.175149337317E-04 -0.267170646316E-06  0.418126844923E-09  0.171237702703E-04  0.271016456206E-06  0.112831820753E-08  0.722389504439E-09 -0.330260016463E-09  0.158073868506E-09 -0.427812880173E-09  0.106632908882E-08 -0.759948890721E-04  0.409592925496E-04 -0.254109865457E-04
 -0.779600606520E-05  0.122971926470E-02  0.999115505678E-04  0.371615164868E-05  0.275303010262E-03 -0.269058289285E-03 -0.151745139744E-04  0.125559619431E-05 -0.195035510423E-03 -0.195674158116E-04 -0.848517325676E-06  0.630183123534E-04 -0.635183643578E-02 -0.601387571339E-03 -0.162602955675E-04 -0.290813479652E-02 -0.107764965948E+00 -0.300993352164E-02 -0.296946665641E-04 -0.231096024453E-04  0.996987194430E-03  0.128567649832E-03  0.397391138811E-05 -0.117018220204E-01 -0.907173800835E-03  0.251553143052E-02 -0.542487936780E-01  0.680974536757E-07  0.455091106022E-03  0.712163192556E-05 -0.115042457400E-07 -0.127132170681E-03 -0.183200409048E-05 -0.322254668535E-07  0.276803590375E-03  0.481286954920E-05  0.155626510696E-06  0.461776459710E-07 -0.126292607021E-07  0.102463054734E-07 -0.128050935252E-07  0.121318157128E-06 -0.115689214308E-02  0.812768193649E-03 -0.644456226784E-03
  0.294156282900E-04 -0.148383845903E-02 -0.329103286707E-03 -0.136180650568E-04 -0.269058289285E-03  0.149071968224E-02  0.635578592206E-04 -0.512042219117E-05  0.438839708960E-03  0.746339637221E-04  0.311425377456E-05 -0.788873000529E-04  0.223706394621E-02  0.789480984714E-03  0.342132389382E-04  0.329120689647E-02  0.250524345775E+00  0.888056601287E-02  0.112874682715E-03  0.276469407851E-04 -0.481299871575E-03 -0.224909314210E-03 -0.104080684814E-04 -0.635384435099E-02 -0.727681814742E-04  0.908603399795E-03  0.906877004146E-01  0.334940365179E-06 -0.130308787621E-02 -0.211074288678E-04  0.188998823927E-06  0.141276810507E-02  0.230052159752E-04 -0.175933533796E-06 -0.911764551160E-03 -0.161493301004E-04  0.142138780482E-06 -0.131816814206E-06  0.571085976588E-08  0.131118738632E-07  0.182923434902E-07 -0.167171538107E-07  0.371056849565E-02  0.762346832734E-03  0.218229419845E-02
  0.180106940780E-05 -0.963218751737E-04 -0.209224552635E-04 -0.107241916046E-05 -0.151745139744E-04  0.635578592206E-04  0.449133396263E-05 -0.386010137209E-06  0.159263997947E-04  0.405577831261E-05  0.222638342254E-06 -0.632819890413E-05  0.316124772228E-04  0.449803582699E-04  0.201735421555E-05  0.200650858876E-03  0.135075187742E-01  0.563012188456E-03  0.737042680914E-05  0.249427345734E-05  0.574455275638E-04 -0.845870197827E-05 -0.492107778820E-06  0.530745176358E-03  0.101999650988E-03 -0.428879897742E-03  0.516406775135E-02  0.225655265784E-08 -0.894268653518E-04 -0.143805730084E-05  0.259618940440E-08  0.954742181414E-04  0.154519161831E-05 -0.116508903210E-08 -0.752726098055E-04 -0.122851205856E-05 -0.323502216013E-08 -0.582770723383E-08  0.567776868794E-09 -0.272727661079E-10  0.148927409429E-08 -0.298805487585E-08  0.337970382597E-03 -0.633974611731E-04  0.124702762491E-03
 -0.203203008030E-05 -0.963098083479E-04 -0.112933113796E-05  0.768044857646E-07  0.125559619431E-05 -0.512042219117E-05 -0.386010137209E-06  0.480852711900E-06  0.232866096617E-04  0.442816482616E-06 -0.109094026071E-07  0.473170694489E-05  0.402512057458E-03  0.175924809616E-04  0.361758716425E-06  0.301372428158E-04  0.833895192193E-03  0.123140071687E-04  0.628350501966E-07 -0.174349516430E-05 -0.139998097880E-03 -0.645294797966E-05 -0.141209881809E-06  0.298827512097E-03 -0.994909521309E-08  0.426298997232E-04  0.428630313235E-03 -0.147925742950E-07 -0.311349083309E-05 -0.593169567058E-07 -0.784209326090E-08 -0.577744356409E-05 -0.101204796945E-06  0.722737076319E-08  0.606769047284E-06 -0.921797166370E-09 -0.284624335831E-08  0.317283548886E-08  0.118597869701E-09  0.191319427196E-09 -0.996676581975E-09  0.276519227486E-08  0.235570697085E-05 -0.412698051710E-04 -0.691471580530E-05
 -0.791252605956E-04 -0.168430164729E-01 -0.844586145780E-03 -0.986340352932E-05 -0.195035510423E-03  0.438839708960E-03  0.159263997947E-04  0.232866096617E-04  0.356148491277E-02  0.189491101889E-03  0.317602040660E-05  0.146481322544E-03  0.355246589271E-01  0.244307887888E-02  0.622964124930E-04  0.381284955900E-02  0.148896086930E+00  0.405419887135E-02  0.282828148788E-04 -0.763544572127E-04 -0.123395565874E-01 -0.843780715646E-03 -0.234007904405E-04  0.119939184485E+00  0.557702726777E-02 -0.300481071544E-02  0.663091366009E-01 -0.127092207612E-05 -0.134381906971E-02 -0.207964983144E-04 -0.561174598133E-06 -0.180632445344E-03 -0.508327141687E-05  0.592298856924E-06 -0.459040546330E-03 -0.788943646472E-05 -0.273951743544E-06  0.150836035492E-06  0.222789114139E-07  0.530185939419E-07 -0.771590789969E-07  0.103709193391E-06  0.602747361520E-03 -0.517568649988E-02  0.140630778952E-03
 -0.105925500265E-05 -0.851198323435E-03 -0.660706591454E-04 -0.150846798393E-05 -0.195674158116E-04  0.746339637221E-04  0.405577831261E-05  0.442816482616E-06  0.189491101889E-03  0.151582517357E-04  0.412070912695E-06 -0.579740591327E-05  0.937434889368E-03  0.123945663796E-03  0.423856159181E-05  0.180916424686E-03  0.103500687225E-01  0.331842318795E-03  0.132945665630E-05  0.745303992271E-06 -0.380631230987E-03 -0.441888496945E-04 -0.159304254448E-05  0.469782409652E-02  0.336238038502E-03 -0.413204560567E-03  0.108354938308E-02 -0.112330562367E-07 -0.114412501318E-03 -0.177227781671E-05  0.546456948715E-09  0.354143512506E-04  0.426694066389E-06  0.496819768511E-08 -0.586718659284E-04 -0.956076005905E-06 -0.422671067946E-08 -0.124486893185E-08  0.170000698341E-08  0.970634333395E-09  0.636607465317E-09 -0.485510552560E-08  0.163631245262E-03 -0.274094812803E-03  0.729879792119E-04
  0.459444608829E-07 -0.140078010743E-04 -0.179193941424E-05 -0.721194441285E-07 -0.848517325676E-06  0.311425377456E-05  0.222638342254E-06 -0.109094026071E-07  0.317602040660E-05  0.412070912695E-06  0.177131273973E-07 -0.522368569793E-06 -0.467705533805E-05  0.292413898654E-05  0.134007425181E-06  0.750420072814E-05  0.474673128511E-03  0.175573235797E-04  0.936042046006E-07  0.177255025883E-06  0.217943172823E-05 -0.824041212556E-06 -0.425194701192E-07  0.385331110800E-04  0.816727343374E-05 -0.317390740075E-04  0.495574245698E-04  0.587412186193E-09 -0.520414155298E-05 -0.827091911131E-07  0.488063168724E-09  0.400009400390E-05  0.614989445629E-07 -0.270157036263E-09 -0.348052351912E-05 -0.554991810290E-07 -0.153541726726E-09 -0.254414571909E-09  0.778641018476E-10 -0.308498049385E-10  0.135224971275E-09 -0.387432863826E-09  0.154361941521E-04 -0.926963494689E-05  0.518098733279E-05
 -0.154988410155E-04 -0.431167495392E-03  0.355284190050E-04  0.246881603241E-05  0.630183123534E-04 -0.788873000529E-04 -0.632819890413E-05  0.473170694489E-05  0.146481322544E-03 -0.579740591327E-05 -0.522368569793E-06  0.117311595838E-03  0.824337088331E-02  0.310961700940E-03  0.484180701468E-05  0.303447408317E-03  0.214285898279E-01  0.965015235793E-03  0.241722098882E-04 -0.400519491037E-04 -0.272426171654E-02 -0.108021765721E-03 -0.188366388001E-05  0.835648151823E-02  0.675187498102E-04  0.132688122193E-02  0.371742953412E-01 -0.225792725252E-06 -0.184748354800E-03 -0.323979138264E-05 -0.123981356051E-06  0.172015648805E-03  0.306556141553E-05  0.107293624660E-06 -0.295227845563E-04 -0.719427168038E-06 -0.143622953876E-07  0.906824657595E-08 -0.327069738933E-08  0.108655070507E-07 -0.156332195140E-07  0.600870430645E-07  0.338718157978E-03 -0.222156645211E-03 -0.134880876253E-03
 -0.118587448324E-02 -0.182431731818E+00 -0.475086286658E-02  0.471751491174E-04 -0.635183643578E-02  0.223706394621E-02  0.316124772228E-04  0.402512057458E-03  0.355246589271E-01  0.937434889368E-03 -0.467705533805E-05  0.824337088331E-02  0.125396822923E+01  0.687534717812E-01  0.141871200569E-02  0.184210217279E+00  0.716724395440E+01  0.226032339218E+00  0.345092509594E-02 -0.268190402578E-02 -0.341896898683E+00 -0.188913775419E-01 -0.420832581487E-03  0.248107433652E+01  0.993513802779E-01 -0.456742865866E-01  0.663041081316E+01 -0.457692571144E-04 -0.365113255240E-01 -0.606981573066E-03 -0.224737602704E-04  0.228550312460E-01  0.393910851457E-03  0.219708010695E-04 -0.146683087252E-01 -0.272291561075E-03 -0.126292097358E-04  0.104885837222E-06  0.440185987599E-06  0.137227940059E-05 -0.175708780819E-05  0.423262534289E-05  0.654374503944E-01 -0.933092935913E-01  0.133043880599E-01
 -0.483730729077E-04 -0.128086830084E-01 -0.614607261209E-03 -0.110986636124E-04 -0.601387571339E-03  0.789480984714E-03  0.449803582699E-04  0.175924809616E-04  0.244307887888E-02  0.123945663796E-03  0.292413898654E-05  0.310961700940E-03  0.687534717812E-01  0.448759455486E-02  0.106097970033E-03  0.126813944410E-01  0.527385962567E+00  0.166535323704E-01  0.211343319440E-03 -0.953226425043E-04 -0.177848584368E-01 -0.118632052539E-02 -0.306531224448E-04  0.150333349190E+00  0.756444256347E-02 -0.979034356790E-02  0.395754189056E+00 -0.241785962952E-05 -0.303603378173E-02 -0.498217622621E-04 -0.115099711127E-05  0.207558681743E-02  0.347593980174E-04  0.116356791748E-05 -0.154866595878E-02 -0.271345197143E-04 -0.762528375112E-06 -0.499669320231E-07  0.482585327390E-07  0.653948347117E-07 -0.696823274728E-07  0.144891960795E-06  0.701997828727E-02 -0.748021082430E-02  0.205901028609E-02
 -0.104517878906E-05 -0.308347946281E-03 -0.197727452343E-04 -0.538122180874E-06 -0.162602955675E-04  0.342132389382E-04  0.201735421555E-05  0.361758716425E-06  0.622964124930E-04  0.423856159181E-05  0.134007425181E-06  0.484180701468E-05  0.141871200569E-02  0.106097970033E-03  0.287619160783E-05  0.299382861274E-03  0.136475368478E-01  0.443948697824E-03  0.506921099103E-05 -0.139930501818E-05 -0.368211042230E-03 -0.286400217803E-04 -0.851306668885E-06  0.281209872466E-02  0.163523695789E-03 -0.269996477964E-03  0.845638331575E-02 -0.426475842688E-07 -0.815322364866E-04 -0.132864788373E-05 -0.197694872977E-07  0.630164565223E-04  0.103492595325E-05  0.206550315121E-07 -0.488989688334E-04 -0.839073570750E-06 -0.149070274705E-07 -0.240644744571E-08  0.129960868043E-08  0.100880832964E-08 -0.742176473193E-09  0.140794238339E-08  0.222000495506E-03 -0.187874244809E-03  0.736971812335E-04
 -0.923147371885E-04 -0.253240323580E-01 -0.112122395755E-02 -0.355918390190E-04 -0.290813479652E-02  0.329120689647E-02  0.200650858876E-03  0.301372428158E-04  0.381284955900E-02  0.180916424686E-03  0.750420072814E-05  0.303447408317E-03  0.184210217279E+00  0.126813944410E-01  0.299382861274E-03  0.536503418081E-01  0.227766764344E+01  0.743841953833E-01  0.105278183502E-02 -0.117095910940E-04 -0.373846609458E-01 -0.276909625719E-02 -0.709281759427E-04  0.355531494265E+00  0.184416875288E-01 -0.361768136020E-01  0.144244772537E+01 -0.740952137386E-05 -0.990409916920E-02 -0.169641292585E-03 -0.346610893247E-05  0.829365068824E-02  0.145709708600E-03  0.356026872806E-05 -0.620064785996E-02 -0.109845707882E-03 -0.290521893097E-05 -0.251222245483E-06  0.145360781964E-06  0.141468547979E-06 -0.136529762847E-06  0.107511172549E-06  0.326144015877E-01 -0.158223850304E-01  0.927717430093E-02
 -0.560399387531E-03 -0.821652951694E+00 -0.558987485417E-01 -0.227024440366E-02 -0.107764965948E+00  0.250524345775E+00  0.135075187742E-01  0.833895192193E-03  0.148896086930E+00  0.103500687225E-01  0.474673128511E-03  0.214285898279E-01  0.716724395440E+01  0.527385962567E+00  0.136475368478E-01  0.227766764344E+01  0.120841689122E+03  0.440761517916E+01  0.691029859876E-01 -0.368304753081E-02 -0.154980160666E+01 -0.121274766097E+00 -0.341844395133E-02  0.108359404934E+02  0.601791661939E+00 -0.110024259021E+01  0.701583521148E+02 -0.179419268732E-03 -0.633817405362E+00 -0.109391506809E-01 -0.790217602513E-04  0.592116148890E+00  0.103737249413E-01  0.834628768178E-04 -0.390734850683E+00 -0.689240991236E-02 -0.686435653729E-04 -0.235284370995E-04  0.283896294382E-05  0.642534252565E-05 -0.223810013238E-05  0.391279192554E-06  0.224577805115E+01 -0.355775781603E+00  0.503632407212E+00
  0.829508882560E-04 -0.215657707548E-01 -0.186788323442E-02 -0.909566119688E-04 -0.300993352164E-02  0.888056601287E-02  0.563012188456E-03  0.123140071687E-04  0.405419887135E-02  0.331842318795E-03  0.175573235797E-04  0.965015235793E-03  0.226032339218E+00  0.166535323704E-01  0.443948697824E-03  0.743841953833E-01  0.440761517916E+01  0.178004900945E+00  0.304257059605E-02 -0.210216563108E-03 -0.497158967713E-01 -0.380596126835E-02 -0.109456198459E-03  0.345600774804E+00  0.206584209461E-01 -0.438732974184E-01  0.256007977691E+01 -0.503691183721E-05 -0.263816140773E-01 -0.452287843237E-03 -0.217759166230E-05  0.257310193932E-01  0.446173986871E-03  0.230252445908E-05 -0.164371378945E-01 -0.283568122966E-03 -0.183635757701E-05 -0.948504267088E-06 -0.542603876345E-07  0.235522816376E-06 -0.435837721797E-07  0.468969451899E-07  0.999144816936E-01 -0.289688176979E-02  0.161787586498E-01
  0.268317940511E-05 -0.121195396158E-03 -0.107030384955E-04 -0.692435342389E-06 -0.296946665641E-04  0.112874682715E-03  0.737042680914E-05  0.628350501966E-07  0.282828148788E-04  0.132945665630E-05  0.936042046006E-07  0.241722098882E-04  0.345092509594E-02  0.211343319440E-03  0.506921099103E-05  0.105278183502E-02  0.691029859876E-01  0.304257059605E-02  0.588595272090E-04 -0.666734588011E-05 -0.829914936357E-03 -0.498567522385E-04 -0.123464321328E-05  0.491601118728E-02  0.224201806001E-03 -0.194120329146E-03  0.428606145816E-01 -0.679799677471E-07 -0.420171550146E-03 -0.728761850870E-05 -0.297146105787E-07  0.422750326814E-03  0.741328298856E-05  0.299027833056E-07 -0.250196227435E-03 -0.433455922892E-05 -0.180197188343E-07 -0.159596502837E-07 -0.480072253440E-08  0.483296795018E-08 -0.159192067527E-08  0.436396511929E-08  0.165708668078E-02  0.331330944903E-03  0.136505585835E-03
  0.494609962569E-05  0.205655928172E-03 -0.902266172201E-05 -0.891091037378E-06 -0.231096024453E-04  0.276469407851E-04  0.249427345734E-05 -0.174349516430E-05 -0.763544572127E-04  0.745303992271E-06  0.177255025883E-06 -0.400519491037E-04 -0.268190402578E-02 -0.953226425043E-04 -0.139930501818E-05 -0.117095910940E-04 -0.368304753081E-02 -0.210216563108E-03 -0.666734588011E-05  0.150074885046E-04  0.100962672423E-02  0.400378649129E-04  0.716001957914E-06 -0.275491383360E-02 -0.625789649105E-05 -0.568521156188E-03 -0.100684373546E-01  0.532610257155E-07  0.806400933863E-04  0.137719975474E-05  0.285133216042E-07 -0.332136975853E-04 -0.586940046312E-06 -0.247427074380E-07 -0.108944551994E-05  0.518345964796E-07 -0.196069042931E-08 -0.464958206718E-08  0.144860956293E-08 -0.353316026242E-08  0.504641225830E-08 -0.157192831887E-07 -0.433818084458E-04  0.451685314694E-04  0.645989070318E-04
  0.368132990881E-03  0.503142734089E-01  0.130680436271E-02 -0.291392108502E-04  0.996987194430E-03 -0.481299871575E-03  0.574455275638E-04 -0.139998097880E-03 -0.123395565874E-01 -0.380631230987E-03  0.217943172823E-05 -0.272426171654E-02 -0.341896898683E+00 -0.177848584368E-01 -0.368211042230E-03 -0.373846609458E-01 -0.154980160666E+01 -0.497158967713E-01 -0.829914936357E-03  0.100962672423E-02  0.109131693267E+00  0.582678536670E-02  0.133004659134E-03 -0.568977971424E+00 -0.196499216755E-01 -0.168254424729E-01 -0.155212517872E+01  0.941430347562E-05  0.124292956007E-01  0.206181978550E-03  0.442959868220E-05 -0.486643768582E-02 -0.827809005006E-04 -0.448767376918E-05  0.264527828332E-02  0.524347492140E-04  0.226104920858E-05 -0.108166648630E-07 -0.458008803842E-07 -0.359184018334E-06  0.392392696177E-06 -0.798856615631E-06 -0.115001383160E-01  0.195833159933E-01 -0.626285994635E-03
  0.159262397482E-04  0.357554625235E-02  0.174723604888E-03  0.212988346982E-05  0.128567649832E-03 -0.224909314210E-03 -0.845870197827E-05 -0.645294797966E-05 -0.843780715646E-03 -0.441888496945E-04 -0.824041212556E-06 -0.108021765721E-03 -0.188913775419E-01 -0.118632052539E-02 -0.286400217803E-04 -0.276909625719E-02 -0.121274766097E+00 -0.380596126835E-02 -0.498567522385E-04  0.400378649129E-04  0.582678536670E-02  0.373716388554E-03  0.989147855397E-05 -0.341137648255E-01 -0.156880877601E-02  0.660933267908E-03 -0.923595411749E-01  0.486422937324E-06  0.949869585877E-03  0.156158583872E-04  0.216432305542E-06 -0.481045749453E-03 -0.797294036621E-05 -0.232697072204E-06  0.326944370601E-03  0.588860595310E-05  0.141658142278E-06  0.218588840889E-07 -0.871681794890E-08 -0.170455386522E-07  0.130552312530E-07 -0.168118399518E-07 -0.142696504788E-02  0.163187428301E-02 -0.380292638858E-03
  0.350215796985E-06  0.949239233682E-04  0.625382055477E-05  0.138996668246E-06  0.397391138811E-05 -0.104080684814E-04 -0.492107778820E-06 -0.141209881809E-06 -0.234007904405E-04 -0.159304254448E-05 -0.425194701192E-07 -0.188366388001E-05 -0.420832581487E-03 -0.306531224448E-04 -0.851306668885E-06 -0.709281759427E-04 -0.341844395133E-02 -0.109456198459E-03 -0.123464321328E-05  0.716001957914E-06  0.133004659134E-03  0.989147855397E-05  0.297862423711E-06 -0.678415394714E-03 -0.374238274813E-04  0.286418685434E-04 -0.208035455397E-02  0.823576326732E-08  0.268105855376E-04  0.439156374883E-06  0.333862320497E-08 -0.163967077321E-04 -0.267101391351E-06 -0.396590114751E-08  0.116367068567E-04  0.203337604445E-06  0.275135105279E-08  0.105388389766E-08 -0.279569326049E-09 -0.285969168261E-09  0.458067651250E-10  0.219676347336E-09 -0.506556695732E-04  0.449739014943E-04 -0.165376502201E-04
 -0.202340859420E-03 -0.812589588175E+00 -0.332940307896E-01 -0.236655094199E-03 -0.117018220204E-01 -0.635384435099E-02  0.530745176358E-03  0.298827512097E-03  0.119939184485E+00  0.469782409652E-02  0.385331110800E-04  0.835648151823E-02  0.248107433652E+01  0.150333349190E+00  0.281209872466E-02  0.355531494265E+00  0.108359404934E+02  0.345600774804E+00  0.491601118728E-02 -0.275491383360E-02 -0.568977971424E+00 -0.341137648255E-01 -0.678415394714E-03  0.118368753176E+02  0.547069580926E+00 -0.634489067494E+00  0.129705433818E+02 -0.159541144107E-03 -0.354041380981E-01 -0.520251931547E-03 -0.794689434763E-04  0.151178022847E-01  0.222189846265E-03  0.755014688849E-04 -0.269634869329E-01 -0.432467717837E-03 -0.397076458802E-04  0.683237225006E-05  0.156425083400E-05  0.566009479475E-05 -0.835850200225E-05  0.186474807062E-04  0.339289964247E-02 -0.321898584056E+00  0.110816826286E-01
  0.372065827365E-04 -0.386560003706E-01 -0.221062354432E-02 -0.405741164476E-04 -0.907173800835E-03 -0.727681814742E-04  0.101999650988E-03 -0.994909521309E-08  0.557702726777E-02  0.336238038502E-03  0.816727343374E-05  0.675187498102E-04  0.993513802779E-01  0.756444256347E-02  0.163523695789E-03  0.184416875288E-01  0.601791661939E+00  0.206584209461E-01  0.224201806001E-03 -0.625789649105E-05 -0.196499216755E-01 -0.156880877601E-02 -0.374238274813E-04  0.547069580926E+00  0.325864831249E-01 -0.553400524001E-01  0.585547927397E+00 -0.613431984731E-05 -0.384783949463E-02 -0.589661680111E-04 -0.296083034812E-05  0.188776867322E-02  0.286747983465E-04  0.294845720389E-05 -0.288522267944E-02 -0.449414864701E-04 -0.196705321692E-05  0.207331500129E-06  0.129777440460E-06  0.159176651915E-06 -0.202614970311E-06  0.434660966416E-06  0.875367673893E-02 -0.220197875543E-01  0.203594790111E-02
 -0.114583230136E-03  0.400488768468E-01  0.317549035837E-02  0.163170355925E-03  0.251553143052E-02  0.908603399795E-03 -0.428879897742E-03  0.426298997232E-04 -0.300481071544E-02 -0.413204560567E-03 -0.317390740075E-04  0.132688122193E-02 -0.456742865866E-01 -0.979034356790E-02 -0.269996477964E-03 -0.361768136020E-01 -0.110024259021E+01 -0.438732974184E-01 -0.194120329146E-03 -0.568521156188E-03 -0.168254424729E-01  0.660933267908E-03  0.286418685434E-04 -0.634489067494E+00 -0.553400524001E-01  0.215203768948E+00 -0.637391426041E+00  0.958556061022E-05  0.165437189783E-01  0.255364806273E-03  0.444463517881E-05 -0.124054569840E-01 -0.190798602815E-03 -0.475916226412E-05  0.114483670562E-01  0.170616541346E-03  0.470779708399E-05 -0.343711349667E-06 -0.379443765426E-06  0.370063349617E-07  0.197313305321E-07  0.337508365171E-06 -0.646918508280E-01  0.582885468475E-01 -0.108378263930E-01
  0.189780239281E-02 -0.447333770644E+00 -0.136109962164E-01 -0.357198993413E-03 -0.542487936780E-01  0.906877004146E-01  0.516406775135E-02  0.428630313235E-03  0.663091366009E-01  0.108354938308E-02  0.495574245698E-04  0.371742953412E-01  0.663041081316E+01  0.395754189056E+00  0.845638331575E-02  0.144244772537E+01  0.701583521148E+02  0.256007977691E+01  0.428606145816E-01 -0.100684373546E-01 -0.155212517872E+01 -0.923595411749E-01 -0.208035455397E-02  0.129705433818E+02  0.585547927397E+00 -0.637391426041E+00  0.556360548487E+02 -0.224641002135E-03 -0.392575170748E+00 -0.672898282201E-02 -0.107803418498E-03  0.361281718821E+00  0.635092940535E-02  0.106418665558E-03 -0.199979353549E+00 -0.356012176052E-02 -0.664958694391E-04 -0.167752447773E-04  0.138751859244E-05  0.861987581427E-05 -0.601606165039E-05  0.167204182575E-04  0.110913315467E+01 -0.291449889112E+00  0.230790267460E+00
  0.682238304721E-07  0.101071552834E-04  0.203691662098E-06 -0.102685820008E-08  0.680974536757E-07  0.334940365179E-06  0.225655265784E-08 -0.147925742950E-07 -0.127092207612E-05 -0.112330562367E-07  0.587412186193E-09 -0.225792725252E-06 -0.457692571144E-04 -0.241785962952E-05 -0.426475842688E-07 -0.740952137386E-05 -0.179419268732E-03 -0.503691183721E-05 -0.679799677471E-07  0.532610257155E-07  0.941430347562E-05  0.486422937324E-06  0.823576326732E-08 -0.159541144107E-03 -0.613431984731E-05  0.958556061022E-05 -0.224641002135E-03  0.809946360620E-08  0.109612722777E-06  0.119364719908E-09  0.264047072381E-08 -0.114610262625E-05 -0.177278924019E-07 -0.237628051527E-08  0.252474302729E-06  0.380532683193E-08  0.998503719487E-09 -0.254668835463E-09 -0.178379091988E-10 -0.179658683808E-09  0.201311666308E-09 -0.101851527953E-08 -0.129354699778E-06  0.449113443735E-05 -0.223836951158E-06
 -0.531508103957E-04  0.147258054594E-02  0.302760523978E-03  0.187923186170E-04  0.455091106022E-03 -0.130308787621E-02 -0.894268653518E-04 -0.311349083309E-05 -0.134381906971E-02 -0.114412501318E-03 -0.520414155298E-05 -0.184748354800E-03 -0.365113255240E-01 -0.303603378173E-02 -0.815322364866E-04 -0.990409916920E-02 -0.633817405362E+00 -0.263816140773E-01 -0.420171550146E-03  0.806400933863E-04  0.124292956007E-01  0.949869585877E-03  0.268105855376E-04 -0.354041380981E-01 -0.384783949463E-02  0.165437189783E-01 -0.392575170748E+00  0.109612722777E-06  0.514257715624E-01  0.842171954457E-03 -0.414542557424E-05 -0.669896008300E-02 -0.111770080499E-03 -0.238114532415E-07  0.317832327236E-02  0.530188805721E-04  0.192264881082E-06  0.223580140398E-06 -0.459744317018E-08 -0.513385592804E-07 -0.114312536614E-06  0.429553066292E-05 -0.226655210445E-01  0.376101254068E-02 -0.284391020184E-02
 -0.856137578461E-06  0.140787063430E-04  0.423762901665E-05  0.289558835097E-06  0.712163192556E-05 -0.211074288678E-04 -0.143805730084E-05 -0.593169567058E-07 -0.207964983144E-04 -0.177227781671E-05 -0.827091911131E-07 -0.323979138264E-05 -0.606981573066E-03 -0.498217622621E-04 -0.132864788373E-05 -0.169641292585E-03 -0.109391506809E-01 -0.452287843237E-03 -0.728761850870E-05  0.137719975474E-05  0.206181978550E-03  0.156158583872E-04  0.439156374883E-06 -0.520251931547E-03 -0.589661680111E-04  0.255364806273E-03 -0.672898282201E-02  0.119364719908E-09  0.842171954457E-03  0.138551935468E-04 -0.692221974407E-07 -0.112141465434E-03 -0.189847940318E-05  0.454817102921E-09  0.528160008982E-04  0.887900365846E-06  0.270014517047E-08  0.359945485366E-08 -0.738257152724E-10 -0.838453528506E-09 -0.196628058316E-08  0.710979760075E-07 -0.376177887074E-03  0.586003663124E-04 -0.468592952013E-04
  0.386828838960E-07  0.496228794268E-05  0.883257640603E-07 -0.964672712255E-09 -0.115042457400E-07  0.188998823927E-06  0.259618940440E-08 -0.784209326090E-08 -0.561174598133E-06  0.546456948715E-09  0.488063168724E-09 -0.123981356051E-06 -0.224737602704E-04 -0.115099711127E-05 -0.197694872977E-07 -0.346610893247E-05 -0.790217602513E-04 -0.217759166230E-05 -0.297146105787E-07  0.285133216042E-07  0.442959868220E-05  0.216432305542E-06  0.333862320497E-08 -0.794689434763E-04 -0.296083034812E-05  0.444463517881E-05 -0.107803418498E-03  0.264047072381E-08 -0.414542557424E-05 -0.692221974407E-07  0.222137481164E-08 -0.553464348646E-06 -0.849794499492E-08 -0.128415048955E-08  0.866184612142E-07  0.123022482696E-08  0.500433904146E-09 -0.160563897531E-09 -0.753412745133E-11 -0.857147634499E-10  0.121292887534E-09 -0.137946380378E-08  0.142660199923E-06  0.217119159234E-05 -0.674848529327E-07
  0.456860522011E-04  0.215629733397E-02 -0.107165896282E-03 -0.175149337317E-04 -0.127132170681E-03  0.141276810507E-02  0.954742181414E-04 -0.577744356409E-05 -0.180632445344E-03  0.354143512506E-04  0.400009400390E-05  0.172015648805E-03  0.228550312460E-01  0.207558681743E-02  0.630164565223E-04  0.829365068824E-02  0.592116148890E+00  0.257310193932E-01  0.422750326814E-03 -0.332136975853E-04 -0.486643768582E-02 -0.481045749453E-03 -0.163967077321E-04  0.151178022847E-01  0.188776867322E-02 -0.124054569840E-01  0.361281718821E+00 -0.114610262625E-05 -0.669896008300E-02 -0.112141465434E-03 -0.553464348646E-06  0.616089074541E-01  0.100849420175E-02 -0.277471686144E-05 -0.300551638313E-02 -0.502186206013E-04 -0.137856818912E-06 -0.167713636313E-05 -0.119259608292E-07  0.340953749609E-05  0.334769420938E-05  0.261032492393E-06  0.216680712836E-01 -0.140465478249E-02  0.302633975682E-02
  0.787305900098E-06  0.469393354539E-04 -0.964155679503E-06 -0.267170646316E-06 -0.183200409048E-05  0.230052159752E-04  0.154519161831E-05 -0.101204796945E-06 -0.508327141687E-05  0.426694066389E-06  0.614989445629E-07  0.306556141553E-05  0.393910851457E-03  0.347593980174E-04  0.103492595325E-05  0.145709708600E-03  0.103737249413E-01  0.446173986871E-03  0.741328298856E-05 -0.586940046312E-06 -0.827809005006E-04 -0.797294036621E-05 -0.267101391351E-06  0.222189846265E-03  0.286747983465E-04 -0.190798602815E-03  0.635092940535E-02 -0.177278924019E-07 -0.111770080499E-03 -0.189847940318E-05 -0.849794499492E-08  0.100849420175E-02  0.166035469157E-04 -0.460346464645E-07 -0.503578658162E-04 -0.848465116632E-06 -0.194819192540E-08 -0.361663872537E-07 -0.195055793712E-09  0.559075938213E-07  0.549380772301E-07  0.408716948270E-08  0.361956855776E-03 -0.201094557158E-04  0.503282911306E-04
 -0.339284536246E-07 -0.477268650034E-05 -0.962667976291E-07  0.418126844923E-09 -0.322254668535E-07 -0.175933533796E-06 -0.116508903210E-08  0.722737076319E-08  0.592298856924E-06  0.496819768511E-08 -0.270157036263E-09  0.107293624660E-06  0.219708010695E-04  0.116356791748E-05  0.206550315121E-07  0.356026872806E-05  0.834628768178E-04  0.230252445908E-05  0.299027833056E-07 -0.247427074380E-07 -0.448767376918E-05 -0.232697072204E-06 -0.396590114751E-08  0.755014688849E-04  0.294845720389E-05 -0.475916226412E-05  0.106418665558E-03 -0.237628051527E-08 -0.238114532415E-07  0.454817102921E-09 -0.128415048955E-08 -0.277471686144E-05 -0.460346464645E-07  0.182565784151E-08 -0.118891099870E-06 -0.175364114324E-08 -0.487885238020E-09 -0.219696767681E-09  0.901496571829E-11 -0.594656779571E-09 -0.770713343476E-09  0.497228643207E-09  0.629436495570E-07 -0.222601990792E-05  0.100310135802E-06
 -0.109515567374E-04  0.254963131111E-02  0.315472431704E-03  0.171237702703E-04  0.276803590375E-03 -0.911764551160E-03 -0.752726098055E-04  0.606769047284E-06 -0.459040546330E-03 -0.586718659284E-04 -0.348052351912E-05 -0.295227845563E-04 -0.146683087252E-01 -0.154866595878E-02 -0.488989688334E-04 -0.620064785996E-02 -0.390734850683E+00 -0.164371378945E-01 -0.250196227435E-03 -0.108944551994E-05  0.264527828332E-02  0.326944370601E-03  0.116367068567E-04 -0.269634869329E-01 -0.288522267944E-02  0.114483670562E-01 -0.199979353549E+00  0.252474302729E-06  0.317832327236E-02  0.528160008982E-04  0.866184612142E-07 -0.300551638313E-02 -0.503578658162E-04 -0.118891099870E-06  0.224812194397E+00  0.373178508306E-02 -0.231486000696E-04  0.863290038833E-07  0.495224391248E-05 -0.485387194409E-08 -0.170696918080E-07  0.509303495552E-07 -0.122834067080E-01  0.288925583024E-02 -0.218454826090E-02
 -0.148958685793E-06  0.417816787880E-04  0.506371299378E-05  0.271016456206E-06  0.481286954920E-05 -0.161493301004E-04 -0.122851205856E-05 -0.921797166370E-09 -0.788943646472E-05 -0.956076005905E-06 -0.554991810290E-07 -0.719427168038E-06 -0.272291561075E-03 -0.271345197143E-04 -0.839073570750E-06 -0.109845707882E-03 -0.689240991236E-02 -0.283568122966E-03 -0.433455922892E-05  0.518345964796E-07  0.524347492140E-04  0.588860595310E-05  0.203337604445E-06 -0.432467717837E-03 -0.449414864701E-04  0.170616541346E-03 -0.356012176052E-02  0.380532683193E-08  0.530188805721E-04  0.887900365846E-06  0.123022482696E-08 -0.502186206013E-04 -0.848465116632E-06 -0.175364114324E-08  0.373178508306E-02  0.622066225258E-04 -0.399598026955E-06  0.153352596729E-08  0.118552736939E-06 -0.112864155524E-09 -0.273732233280E-09  0.811799257880E-09 -0.202994304701E-03  0.449242824595E-04 -0.372051838918E-04
  0.136259140210E-07  0.243490015179E-05  0.603517688878E-07  0.112831820753E-08  0.155626510696E-06  0.142138780482E-06 -0.323502216013E-08 -0.284624335831E-08 -0.273951743544E-06 -0.422671067946E-08 -0.153541726726E-09 -0.143622953876E-07 -0.126292097358E-04 -0.762528375112E-06 -0.149070274705E-07 -0.290521893097E-05 -0.686435653729E-04 -0.183635757701E-05 -0.180197188343E-07 -0.196069042931E-08  0.226104920858E-05  0.141658142278E-06  0.275135105279E-08 -0.397076458802E-04 -0.196705321692E-05  0.470779708399E-05 -0.664958694391E-04  0.998503719487E-09  0.192264881082E-06  0.270014517047E-08  0.500433904146E-09 -0.137856818912E-06 -0.194819192540E-08 -0.487885238020E-09 -0.231486000696E-04 -0.399598026955E-06  0.619537555630E-08 -0.331547095558E-10 -0.520516077684E-08 -0.157863165806E-10  0.274101862839E-10 -0.753956902794E-10 -0.586102839543E-06  0.178558251954E-05 -0.189104399950E-06
 -0.155916795690E-07 -0.103795642646E-05 -0.125726560119E-07  0.722389504439E-09  0.461776459710E-07 -0.131816814206E-06 -0.582770723383E-08  0.317283548886E-08  0.150836035492E-06 -0.124486893185E-08 -0.254414571909E-09  0.906824657595E-08  0.104885837222E-06 -0.499669320231E-07 -0.240644744571E-08 -0.251222245483E-06 -0.235284370995E-04 -0.948504267088E-06 -0.159596502837E-07 -0.464958206718E-08 -0.108166648630E-07  0.218588840889E-07  0.105388389766E-08  0.683237225006E-05  0.207331500129E-06 -0.343711349667E-06 -0.167752447773E-04 -0.254668835463E-09  0.223580140398E-06  0.359945485366E-08 -0.160563897531E-09 -0.167713636313E-05 -0.361663872537E-07 -0.219696767681E-09  0.863290038833E-07  0.153352596729E-08 -0.331547095558E-10  0.593238659240E-08  0.118599468420E-11  0.350959758159E-09  0.326178307432E-09  0.908039663582E-10 -0.466425975202E-06 -0.495862042897E-06 -0.189543504469E-06
 -0.835354682230E-09 -0.165978654257E-06 -0.102004806168E-07 -0.330260016463E-09 -0.126292607021E-07  0.571085976588E-08  0.567776868794E-09  0.118597869701E-09  0.222789114139E-07  0.170000698341E-08  0.778641018476E-10 -0.327069738933E-08  0.440185987599E-06  0.482585327390E-07  0.129960868043E-08  0.145360781964E-06  0.283896294382E-05 -0.542603876345E-07 -0.480072253440E-08  0.144860956293E-08 -0.458008803842E-07 -0.871681794890E-08 -0.279569326049E-09  0.156425083400E-05  0.129777440460E-06 -0.379443765426E-06  0.138751859244E-05 -0.178379091988E-10 -0.459744317018E-08 -0.738257152724E-10 -0.753412745133E-11 -0.119259608292E-07 -0.195055793712E-09  0.901496571829E-11  0.495224391248E-05  0.118552736939E-06 -0.520516077684E-08  0.118599468420E-11  0.162404401805E-07 -0.527319010477E-12  0.203124955631E-12 -0.315604839478E-11 -0.314799197185E-07 -0.273214146781E-06  0.670918192633E-07
 -0.553431297800E-10 -0.322657211957E-06 -0.680785858007E-08  0.158073868506E-09  0.102463054734E-07  0.131118738632E-07 -0.272727661079E-10  0.191319427196E-09  0.530185939419E-07  0.970634333395E-09 -0.308498049385E-10  0.108655070507E-07  0.137227940059E-05  0.653948347117E-07  0.100880832964E-08  0.141468547979E-06  0.642534252565E-05  0.235522816376E-06  0.483296795018E-08 -0.353316026242E-08 -0.359184018334E-06 -0.170455386522E-07 -0.285969168261E-09  0.566009479475E-05  0.159176651915E-06  0.370063349617E-07  0.861987581427E-05 -0.179658683808E-09 -0.513385592804E-07 -0.838453528506E-09 -0.857147634499E-10  0.340953749609E-05  0.559075938213E-07 -0.594656779571E-09 -0.485387194409E-08 -0.112864155524E-09 -0.157863165806E-10  0.350959758159E-09 -0.527319010477E-12  0.429920779513E-08  0.670309885000E-09  0.427999841671E-10 -0.261735391641E-07 -0.165901048646E-07  0.934727643873E-08
  0.435255450954E-08  0.624542487887E-06  0.789855304054E-08 -0.427812880173E-09 -0.128050935252E-07  0.182923434902E-07  0.148927409429E-08 -0.996676581975E-09 -0.771590789969E-07  0.636607465317E-09  0.135224971275E-09 -0.156332195140E-07 -0.175708780819E-05 -0.696823274728E-07 -0.742176473193E-09 -0.136529762847E-06 -0.223810013238E-05 -0.435837721797E-07 -0.159192067527E-08  0.504641225830E-08  0.392392696177E-06  0.130552312530E-07  0.458067651250E-10 -0.835850200225E-05 -0.202614970311E-06  0.197313305321E-07 -0.601606165039E-05  0.201311666308E-09 -0.114312536614E-06 -0.196628058316E-08  0.121292887534E-09  0.334769420938E-05  0.549380772301E-07 -0.770713343476E-09 -0.170696918080E-07 -0.273732233280E-09  0.274101862839E-10  0.326178307432E-09  0.203124955631E-12  0.670309885000E-09  0.791234856601E-08 -0.616846761191E-10  0.155842241994E-06  0.114010273229E-06  0.322722308106E-07
 -0.156995350508E-07 -0.121994447588E-05 -0.126728152617E-07  0.106632908882E-08  0.121318157128E-06 -0.167171538107E-07 -0.298805487585E-08  0.276519227486E-08  0.103709193391E-06 -0.485510552560E-08 -0.387432863826E-09  0.600870430645E-07  0.423262534289E-05  0.144891960795E-06  0.140794238339E-08  0.107511172549E-06  0.391279192554E-06  0.468969451899E-07  0.436396511929E-08 -0.157192831887E-07 -0.798856615631E-06 -0.168118399518E-07  0.219676347336E-09  0.186474807062E-04  0.434660966416E-06  0.337508365171E-06  0.167204182575E-04 -0.101851527953E-08  0.429553066292E-05  0.710979760075E-07 -0.137946380378E-08  0.261032492393E-06  0.408716948270E-08  0.497228643207E-09  0.509303495552E-07  0.811799257880E-09 -0.753956902794E-10  0.908039663582E-10 -0.315604839478E-11  0.427999841671E-10 -0.616846761191E-10  0.620266368774E-08 -0.420350608020E-06 -0.141330564559E-06 -0.661913057197E-07
  0.295097926495E-04 -0.143905468581E-02 -0.802103201315E-03 -0.759948890721E-04 -0.115689214308E-02  0.371056849565E-02  0.337970382597E-03  0.235570697085E-05  0.602747361520E-03  0.163631245262E-03  0.154361941521E-04  0.338718157978E-03  0.654374503944E-01  0.701997828727E-02  0.222000495506E-03  0.326144015877E-01  0.224577805115E+01  0.999144816936E-01  0.165708668078E-02 -0.433818084458E-04 -0.115001383160E-01 -0.142696504788E-02 -0.506556695732E-04  0.339289964247E-02  0.875367673893E-02 -0.646918508280E-01  0.110913315467E+01 -0.129354699778E-06 -0.226655210445E-01 -0.376177887074E-03  0.142660199923E-06  0.216680712836E-01  0.361956855776E-03  0.629436495570E-07 -0.122834067080E-01 -0.202994304701E-03 -0.586102839543E-06 -0.466425975202E-06 -0.314799197185E-07 -0.261735391641E-07  0.155842241994E-06 -0.420350608020E-06  0.942147046869E-01 -0.108366623499E-01  0.815081870220E-02
  0.193196731710E-03  0.323871748493E-01  0.160567245957E-02  0.409592925496E-04  0.812768193649E-03  0.762346832734E-03 -0.633974611731E-04 -0.412698051710E-04 -0.517568649988E-02 -0.274094812803E-03 -0.926963494689E-05 -0.222156645211E-03 -0.933092935913E-01 -0.748021082430E-02 -0.187874244809E-03 -0.158223850304E-01 -0.355775781603E+00 -0.289688176979E-02  0.331330944903E-03  0.451685314694E-04  0.195833159933E-01  0.163187428301E-02  0.449739014943E-04 -0.321898584056E+00 -0.220197875543E-01  0.582885468475E-01 -0.291449889112E+00  0.449113443735E-05  0.376101254068E-02  0.586003663124E-04  0.217119159234E-05 -0.140465478249E-02 -0.201094557158E-04 -0.222601990792E-05  0.288925583024E-02  0.449242824595E-04  0.178558251954E-05 -0.495862042897E-06 -0.273214146781E-06 -0.165901048646E-07  0.114010273229E-06 -0.141330564559E-06 -0.108366623499E-01  0.437187429449E-01 -0.660001299158E-02
  0.326899065702E-04 -0.148665982415E-02 -0.401777451448E-03 -0.254109865457E-04 -0.644456226784E-03  0.218229419845E-02  0.124702762491E-03 -0.691471580530E-05  0.140630778952E-03  0.729879792119E-04  0.518098733279E-05 -0.134880876253E-03  0.133043880599E-01  0.205901028609E-02  0.736971812335E-04  0.927717430093E-02  0.503632407212E+00  0.161787586498E-01  0.136505585835E-03  0.645989070318E-04 -0.626285994635E-03 -0.380292638858E-03 -0.165376502201E-04  0.110816826286E-01  0.203594790111E-02 -0.108378263930E-01  0.230790267460E+00 -0.223836951158E-06 -0.284391020184E-02 -0.468592952013E-04 -0.674848529327E-07  0.302633975682E-02  0.503282911306E-04  0.100310135802E-06 -0.218454826090E-02 -0.372051838918E-04 -0.189104399950E-06 -0.189543504469E-06  0.670918192633E-07  0.934727643873E-08  0.322722308106E-07 -0.661913057197E-07  0.815081870220E-02 -0.660001299158E-02  0.642929498697E-02
