

 EXIT OK FROM E04FDF: IFAIL =   5
 ON EXIT, SUM OF SQUARES =    64.237068

 EXIT OK FROM E04YCF: IFAIL =   0

 PARAMETERS AND THEIR STANDARD ERRORS:
       PARAMETER      STD. ERROR   ERR. RATIO
  1    0.227232390E+00   0.3157E-02   71.9698
  2   -0.384405226E+01   0.3063E+00  -12.5494
  3   -0.122953993E+00   0.1822E-01   -6.7477
  4   -0.163628142E-02   0.5728E-03   -2.8568
  5    0.390164474E+00   0.1659E-01   23.5149
  6    0.306858070E+00   0.3861E-01    7.9477
  7    0.391130766E-02   0.2119E-02    1.8456
  8   -0.522840449E-02   0.6934E-03   -7.5399
  9    0.466565688E+00   0.5968E-01    7.8180
 10    0.211521028E-01   0.3893E-02    5.4329
 11    0.307666312E-03   0.1331E-03    2.3117
 12    0.483606245E-01   0.1083E-01    4.4650
 13    0.585502228E+01   0.1120E+01    5.2286
 14    0.327333573E+00   0.6699E-01    4.8863
 15    0.774800421E-02   0.1696E-02    4.5686
 16   -0.110890375E+01   0.2316E+00   -4.7875
 17   -0.675395246E+02   0.1099E+02   -6.1440
 18   -0.221960547E+01   0.4219E+00   -5.2609
 19   -0.352847246E-01   0.7672E-02   -4.5992
 20    0.164449753E-01   0.3874E-02    4.2450
 21   -0.130087820E+01   0.3304E+00   -3.9379
 22   -0.765879269E-01   0.1933E-01   -3.9618
 23   -0.199123809E-02   0.5458E-03   -3.6485
 24    0.368093411E+02   0.3440E+01   10.6989
 25    0.532409931E+00   0.1805E+00    2.9494
 26   -0.183087014E+00   0.4639E+00   -0.3947
 27   -0.115734580E+02   0.7459E+01   -1.5516
 28    0.107855225E+01   0.9000E-04 *********
 29    0.892527131E+01   0.2268E+00   39.3578
 30    0.203203102E+00   0.3722E-02   54.5914
 31    0.169149173E+01   0.4713E-04 *********
 32   -0.729844448E+01   0.2482E+00  -29.4041
 33   -0.249015171E+00   0.4075E-02  -61.1118
 34    0.611861656E+00   0.4273E-04 *********
 35    0.688895406E+01   0.4741E+00   14.5293
 36    0.267572252E+00   0.7887E-02   33.9252
 37    0.353190499E+00   0.7871E-04 4487.1976
 38   -0.149844378E-03   0.7702E-04   -1.9455
 39    0.122734751E-03   0.1274E-03    0.9631
 40   -0.317550517E-03   0.6557E-04   -4.8430
 41   -0.205307763E-03   0.8895E-04   -2.3081
 42   -0.800896785E-03   0.7876E-04  -10.1692
 43   -0.289744549E+02   0.3069E+00  -94.3965
 44    0.393778505E+01   0.2091E+00   18.8329
 45   -0.386106705E+00   0.8018E-01   -4.8153



 ------------------- RESULTS ---------------------

  I   T  SRC   mTOT           Y VALUE       FITTED          DELTA 
    1  4   47   0.40882E+02    -0.10381E+04    0.00000E+00      0.000000    0.29815E+03   0.000E+00    0
    2  4   47   0.38787E+02    -0.12527E+04    0.00000E+00      0.000000    0.29815E+03   0.000E+00    0
    3  4   47   0.36387E+02    -0.10716E+04    0.00000E+00      0.000000    0.29815E+03   0.000E+00    0
    4  4   47   0.34439E+02    -0.11978E+04    0.00000E+00      0.000000    0.29815E+03   0.000E+00    0
    5  4   47   0.32373E+02    -0.11490E+04    0.00000E+00      0.000000    0.29815E+03   0.000E+00    0
    6  4   47   0.30493E+02    -0.12481E+04    0.00000E+00      0.000000    0.29815E+03   0.000E+00    0
    7  4   47   0.28567E+02    -0.12899E+04    0.00000E+00      0.000000    0.29815E+03   0.000E+00    0
    8  4   47   0.26688E+02    -0.13357E+04    0.00000E+00      0.000000    0.29815E+03   0.000E+00    0
    9  4   47   0.24858E+02    -0.14652E+04    0.00000E+00      0.000000    0.29815E+03   0.000E+00    0
   10  4   47   0.22982E+02    -0.14442E+04    0.00000E+00      0.000000    0.29815E+03   0.000E+00    0
   11  4   47   0.22795E+02    -0.24799E+04    0.00000E+00      0.000000    0.29815E+03   0.000E+00    0
   12  4   47   0.19902E+02    -0.26764E+04    0.00000E+00      0.000000    0.29815E+03   0.000E+00    0
   13  4   47   0.17126E+02    -0.28830E+04    0.00000E+00      0.000000    0.29815E+03   0.000E+00    0
   14  4   47   0.14484E+02    -0.40331E+04    0.00000E+00      0.000000    0.29815E+03   0.000E+00    0
   15  4   47   0.11305E+02    -0.36475E+04    0.00000E+00      0.000000    0.29815E+03   0.000E+00    0
   16  4   47   0.88615E+01    -0.52225E+04    0.00000E+00      0.000000    0.29815E+03   0.000E+00    0
   17  4   47   0.58104E+01    -0.33303E+04   -0.33244E+04      5.827992    0.29815E+03   0.580E-03    0
   18  4   47   0.38482E+01    -0.17587E+04   -0.17382E+04     20.455085    0.29815E+03   0.580E-03    0
   19  4   47   0.25950E+01    -0.88232E+03   -0.89452E+03    -12.199867    0.29815E+03   0.580E-03    0
   20  4   47   0.44262E+01    -0.19614E+04   -0.19756E+04    -14.200317    0.29815E+03   0.580E-03    0
   21  4   47   0.31281E+01    -0.12308E+04   -0.12279E+04      2.945870    0.29815E+03   0.580E-03    0
   22  4   47   0.21356E+01    -0.63559E+03   -0.65071E+03    -15.123269    0.29815E+03   0.580E-03    0
   23  4   47   0.15082E+01    -0.44927E+03    0.00000E+00      0.000000    0.29815E+03   0.000E+00    0
   24  4   47   0.10402E+01    -0.34763E+03    0.00000E+00      0.000000    0.29815E+03   0.000E+00    0
   25  4   47   0.72637E+00    -0.27518E+03    0.00000E+00      0.000000    0.29815E+03   0.000E+00    0
   26  4   47   0.50642E+00    -0.21529E+03    0.00000E+00      0.000000    0.29815E+03   0.000E+00    0
   27  4   45   0.10052E-02    -0.22112E+03   -0.22754E+03     -6.418923    0.29815E+03   0.129E-02    0
   28  4   45   0.11032E-02    -0.21217E+03   -0.22902E+03    -16.853112    0.29815E+03   0.129E-02    0
   29  4   45   0.16389E-02    -0.27870E+03   -0.28053E+03     -1.838365    0.29815E+03   0.129E-02    0
   30  4   45   0.16852E-02    -0.27401E+03   -0.28547E+03    -11.459147    0.29815E+03   0.129E-02    0
   31  4   45   0.31775E-02    -0.35087E+03   -0.36032E+03     -9.449599    0.29815E+03   0.129E-02    0
   32  4   45   0.31977E-02    -0.32895E+03   -0.35336E+03    -24.415911    0.29815E+03   0.129E-02    0
   33  4   45   0.91899E-02    -0.39049E+03   -0.39469E+03     -4.199332    0.29815E+03   0.129E-02    0
   34  4   45   0.10000E-01    -0.39070E+03   -0.38633E+03      4.374079    0.29815E+03   0.129E-02    0
   35  4   45   0.47699E-01    -0.35008E+03   -0.33784E+03     12.232026    0.29815E+03   0.129E-02    0
   36  4   45   0.63403E-01    -0.32623E+03   -0.31480E+03     11.425928    0.29815E+03   0.129E-02    0
   37  4   45   0.63403E-01    -0.30577E+03   -0.30600E+03     -0.229898    0.29815E+03   0.129E-02    0
   38  4   45   0.13983E+00    -0.25849E+03   -0.25364E+03      4.847190    0.29815E+03   0.129E-02    0
   39  4   45   0.14364E+00    -0.24635E+03   -0.24246E+03      3.896693    0.29815E+03   0.129E-02    0
   40  4   45   0.14364E+00    -0.24255E+03   -0.23715E+03      5.395963    0.29815E+03   0.129E-02    0
   41  4   45   0.14945E+00    -0.23995E+03   -0.23914E+03      0.810072    0.29815E+03   0.129E-02    0
   42  4   45   0.17853E+00    -0.22351E+03   -0.23229E+03     -8.783095    0.29815E+03   0.129E-02    0
   43  4   45   0.17853E+00    -0.21087E+03   -0.21977E+03     -8.894816    0.29815E+03   0.129E-02    0
   44  4   45   0.22383E+00    -0.20092E+03   -0.20828E+03     -7.365782    0.29815E+03   0.129E-02    0
   45  4   45   0.22383E+00    -0.19154E+03   -0.20123E+03     -9.690777    0.29815E+03   0.129E-02    0
   46  4   45   0.25567E+00    -0.18736E+03   -0.19512E+03     -7.763789    0.29815E+03   0.129E-02    0
   47  4   45   0.39686E+00    -0.14895E+03   -0.16241E+03    -13.461590    0.29815E+03   0.129E-02    0
   48  4   45   0.51183E+00    -0.13276E+03   -0.14186E+03     -9.097965    0.29815E+03   0.129E-02    0
   49  4   45   0.11955E+01    -0.14753E+03   -0.13419E+03     13.337406    0.29815E+03   0.129E-02    0
   50  4   45   0.11955E+01    -0.14242E+03   -0.12952E+03     12.901917    0.29815E+03   0.129E-02    0
   51  4   45   0.64232E+01    -0.14764E+04    0.00000E+00      0.000000    0.29815E+03   0.000E+00    0
   52  4   46   0.50232E-01    -0.14267E+05   -0.14293E+05    -25.938127    0.29815E+03   0.261E-04    0
   53  4   46   0.50232E-01    -0.12753E+05   -0.12690E+05     62.614726    0.29815E+03   0.261E-04    0
   54  4   46   0.50232E-01    -0.11590E+05   -0.11503E+05     87.106760    0.29815E+03   0.261E-04    0
   55  4   46   0.25095E-01    -0.12912E+05    0.00000E+00      0.000000    0.29815E+03   0.000E+00    0
   56  4   46   0.25095E-01    -0.11866E+05    0.00000E+00      0.000000    0.29815E+03   0.000E+00    0
   57  4   46   0.12542E-01    -0.10975E+05   -0.11160E+05   -184.932091    0.29815E+03   0.261E-04    0
   58  4   46   0.12542E-01    -0.10259E+05    0.00000E+00      0.000000    0.29815E+03   0.000E+00    0
   59  4   46   0.62698E-02    -0.85981E+04   -0.87890E+04   -190.927168    0.29815E+03   0.261E-04    0
   60  4   46   0.62698E-02    -0.81002E+04    0.00000E+00      0.000000    0.29815E+03   0.000E+00    0
   61  4   46   0.31346E-02    -0.71588E+04    0.00000E+00      0.000000    0.29815E+03   0.000E+00    0
   62  4   46   0.31346E-02    -0.63471E+04    0.00000E+00      0.000000    0.29815E+03   0.000E+00    0
   63  4   48   0.30520E-02    -0.43639E+03    0.00000E+00      0.000000    0.29815E+03   0.000E+00    0
   64  4   48   0.50446E-02    -0.42070E+03    0.00000E+00      0.000000    0.29815E+03   0.000E+00    0
   65  4   48   0.50783E-02    -0.45919E+03    0.00000E+00      0.000000    0.29815E+03   0.000E+00    0
   66  4   48   0.66882E-02    -0.39398E+03   -0.39815E+03     -4.173718    0.29815E+03   0.499E-03    0
   67  4   48   0.67498E-02    -0.42162E+03   -0.40759E+03     14.033866    0.29815E+03   0.499E-03    0
   68  4   48   0.81349E-02    -0.41999E+03   -0.40070E+03     19.292074    0.29815E+03   0.499E-03    0
   69  4   48   0.10264E-01    -0.44965E+03   -0.40794E+03     41.715248    0.29815E+03   0.499E-03    0
   70  4   48   0.11050E-01    -0.34753E+03   -0.36358E+03    -16.052567    0.29815E+03   0.499E-03    0
   71  4   48   0.12842E-01    -0.45576E+03   -0.42405E+03     31.713939    0.29815E+03   0.499E-03    0
   72  4   48   0.16314E-01    -0.30484E+03   -0.31838E+03    -13.533037    0.29815E+03   0.499E-03    0
   73  4   48   0.17400E-01    -0.10365E+05    0.00000E+00      0.000000    0.29815E+03   0.000E+00    0
   74  4   48   0.17400E-01    -0.10825E+05    0.00000E+00      0.000000    0.29815E+03   0.000E+00    0
   75  4   48   0.17400E-01    -0.95224E+04    0.00000E+00      0.000000    0.29815E+03   0.000E+00    0
   76  4   48   0.17719E-01    -0.38232E+03   -0.38361E+03     -1.297496    0.29815E+03   0.499E-03    0
   77  4   48   0.18600E-01    -0.35116E+03   -0.35239E+03     -1.227847    0.29815E+03   0.499E-03    0
   78  4   48   0.25374E-01    -0.35744E+03   -0.35145E+03      5.997261    0.29815E+03   0.499E-03    0
   79  4   48   0.27281E-01    -0.43091E+03   -0.41044E+03     20.473535    0.29815E+03   0.499E-03    0
   80  4   48   0.27708E-01    -0.38148E+03   -0.35579E+03     25.692000    0.29815E+03   0.499E-03    0
   81  4   48   0.28867E-01    -0.36927E+03   -0.35895E+03     10.321592    0.29815E+03   0.499E-03    0
   82  4   48   0.39219E-01    -0.35749E+03   -0.32411E+03     33.371731    0.29815E+03   0.499E-03    0
   83  4   48   0.41332E-01    -0.37020E+03   -0.32560E+03     44.598854    0.29815E+03   0.499E-03    0
   84  4   48   0.43887E-01    -0.36172E+03   -0.31809E+03     43.634230    0.29815E+03   0.499E-03    0
   85  4   48   0.47316E-01    -0.34647E+03   -0.31793E+03     28.537845    0.29815E+03   0.499E-03    0
   86  4   48   0.62881E-01    -0.30649E+03   -0.28262E+03     23.867179    0.29815E+03   0.499E-03    0
   87  4   48   0.66579E-01    -0.31380E+03   -0.28887E+03     24.932967    0.29815E+03   0.499E-03    0
   88  4   48   0.84554E-01    -0.27577E+03    0.00000E+00      0.000000    0.29815E+03   0.000E+00    0
   89  4   48   0.86901E-01    -0.25083E+03   -0.24122E+03      9.608949    0.29815E+03   0.499E-03    0
   90  4   48   0.10832E+00    -0.24257E+03   -0.24537E+03     -2.804846    0.29815E+03   0.499E-03    0
   91  4   48   0.14670E+00    -0.19435E+03   -0.20452E+03    -10.165239    0.29815E+03   0.499E-03    0
   92  4   48   0.16810E+00    -0.18831E+03   -0.19980E+03    -11.488311    0.29815E+03   0.499E-03    0
   93  4   48   0.17781E+00    -0.21015E+03   -0.21998E+03     -9.830756    0.29815E+03   0.499E-03    0
   94  4   48   0.29670E+00    -0.17058E+03   -0.18798E+03    -17.395993    0.29815E+03   0.499E-03    0
   95  4   48   0.33140E+00    -0.15544E+03   -0.17191E+03    -16.477421    0.29815E+03   0.499E-03    0
   96  4   48   0.47810E+00    -0.13193E+03   -0.14278E+03    -10.853506    0.29815E+03   0.499E-03    0
   97  4   48   0.64853E+00    -0.12810E+03   -0.13146E+03     -3.357807    0.29815E+03   0.499E-03    0
   98  4   48   0.78026E+00    -0.13231E+03   -0.12700E+03      5.306669    0.29815E+03   0.499E-03    0
   99  4   48   0.83629E+00    -0.12780E+03   -0.12206E+03      5.746915    0.29815E+03   0.499E-03    0
  100  4   48   0.85627E+00    -0.12518E+03   -0.11974E+03      5.440404    0.29815E+03   0.499E-03    0
  101  4   48   0.11686E+01    -0.13762E+03   -0.12590E+03     11.711594    0.29815E+03   0.499E-03    0
  102  4   48   0.14658E+01    -0.15598E+03   -0.14444E+03     11.536136    0.29815E+03   0.499E-03    0
  103  4   48   0.19602E+01    -0.12257E+03   -0.12258E+03     -0.002179    0.29815E+03   0.499E-03    0
  104  4   48   0.27901E+01    -0.70823E+02   -0.70214E+02      0.608419    0.29815E+03   0.499E-03    0
  105  4   48   0.29370E+01    -0.23877E+03   -0.23854E+03      0.229759    0.29815E+03   0.499E-03    0
  106  4   48   0.29370E+01    -0.23223E+03   -0.23219E+03      0.039367    0.29815E+03   0.499E-03    0
  107  4   48   0.36793E+01    -0.58973E+03   -0.58978E+03     -0.046866    0.29815E+03   0.499E-03    0
  108  5   51   0.40903E+02     0.12929E+03    0.00000E+00      0.000000    0.29815E+03   0.000E+00    0
  109  5   51   0.38795E+02     0.12707E+03    0.00000E+00      0.000000    0.29815E+03   0.000E+00    0
  110  5   51   0.38795E+02     0.12645E+03    0.00000E+00      0.000000    0.29815E+03   0.000E+00    0
  111  5   51   0.38795E+02     0.12718E+03    0.00000E+00      0.000000    0.29815E+03   0.000E+00    0
  112  5   51   0.36404E+02     0.12378E+03    0.00000E+00      0.000000    0.29815E+03   0.000E+00    0
  113  5   51   0.34448E+02     0.12108E+03    0.00000E+00      0.000000    0.29815E+03   0.000E+00    0
  114  5   51   0.32383E+02     0.11752E+03    0.00000E+00      0.000000    0.29815E+03   0.000E+00    0
  115  5   51   0.30500E+02     0.11495E+03    0.00000E+00      0.000000    0.29815E+03   0.000E+00    0
  116  5   51   0.28584E+02     0.11139E+03    0.00000E+00      0.000000    0.29815E+03   0.000E+00    0
  117  5   51   0.26693E+02     0.10849E+03    0.00000E+00      0.000000    0.29815E+03   0.000E+00    0
  118  5   51   0.24870E+02     0.10522E+03    0.00000E+00      0.000000    0.29815E+03   0.000E+00    0
  119  5   51   0.24870E+02     0.10580E+03    0.00000E+00      0.000000    0.29815E+03   0.000E+00    0
  120  5   51   0.24870E+02     0.10510E+03    0.00000E+00      0.000000    0.29815E+03   0.000E+00    0
  121  5   51   0.22990E+02     0.10177E+03    0.00000E+00      0.000000    0.29815E+03   0.000E+00    0
  122  5   51   0.15855E+01     0.80475E+02    0.76442E+02     -4.033005    0.29815E+03   0.370E-01    0
  123  5   51   0.15855E+01     0.71022E+02    0.00000E+00      0.000000    0.29815E+03   0.000E+00    0
  124  5   51   0.15855E+01     0.76206E+02    0.76442E+02      0.235975    0.29815E+03   0.370E-01    0
  125  5   51   0.15855E+01     0.79255E+02    0.76442E+02     -2.813297    0.29815E+03   0.370E-01    0
  126  5   51   0.12314E+01     0.71587E+02    0.70368E+02     -1.218837    0.29815E+03   0.370E-01    0
  127  5   51   0.12314E+01     0.81107E+02    0.00000E+00      0.000000    0.29815E+03   0.000E+00    0
  128  5   51   0.41800E+01     0.92748E+02    0.91916E+02     -0.831897    0.29815E+03   0.370E-01    0
  129  5   51   0.29679E+01     0.89334E+02    0.91917E+02      2.583344    0.29815E+03   0.370E-01    0
  130  5   51   0.21405E+01     0.85103E+02    0.84853E+02     -0.250699    0.29815E+03   0.370E-01    0
  131  5   51   0.15495E+01     0.76345E+02    0.75838E+02     -0.506891    0.29815E+03   0.370E-01    0
  132  5   51   0.11490E+01     0.66549E+02    0.68934E+02      2.384667    0.29815E+03   0.370E-01    0
  133  5   51   0.19900E+02     0.96557E+02    0.00000E+00      0.000000    0.29815E+03   0.000E+00    0
  134  5   51   0.17125E+02     0.90947E+02    0.00000E+00      0.000000    0.29815E+03   0.000E+00    0
  135  5   51   0.14486E+02     0.86252E+02    0.00000E+00      0.000000    0.29815E+03   0.000E+00    0
  136  5   51   0.11306E+02     0.81184E+02    0.00000E+00      0.000000    0.29815E+03   0.000E+00    0
  137  5   51   0.88621E+01     0.80993E+02    0.00000E+00      0.000000    0.29815E+03   0.000E+00    0
  138  5   51   0.58108E+01     0.88853E+02    0.89604E+02      0.750788    0.29815E+03   0.370E-01    0
  139  5   51   0.38485E+01     0.93587E+02    0.92409E+02     -1.177391    0.29815E+03   0.370E-01    0
  140  5   52   0.52000E-01     0.47600E+02    0.46883E+02     -0.716607    0.29815E+03   0.370E-01    0
  141  5   52   0.15210E+00     0.51900E+02    0.51841E+02     -0.058606    0.29815E+03   0.370E-01    0
  142  5   52   0.19730E+00     0.55300E+02    0.52536E+02     -2.763982    0.29815E+03   0.370E-01    0
  143  5   52   0.24320E+00     0.52900E+02    0.53245E+02      0.344674    0.29815E+03   0.370E-01    0
  144  5   52   0.29600E+00     0.55500E+02    0.54102E+02     -1.398267    0.29815E+03   0.370E-01    0
  145  5   52   0.35380E+00     0.53000E+02    0.55081E+02      2.080643    0.29815E+03   0.370E-01    0
  146  5   52   0.39900E+00     0.56000E+02    0.55864E+02     -0.136342    0.29815E+03   0.370E-01    0
  147  5   52   0.45680E+00     0.55500E+02    0.56875E+02      1.375381    0.29815E+03   0.370E-01    0
  148  5   52   0.56280E+00     0.56300E+02    0.58737E+02      2.436572    0.29815E+03   0.370E-01    0
  149  5   53   0.44400E-01     0.37450E+02    0.00000E+00      0.000000    0.29815E+03   0.000E+00    0
  150  5   53   0.70400E-01     0.45037E+02    0.49191E+02      4.153984    0.29815E+03   0.370E-01    0
  151  5   53   0.71300E-01     0.42706E+02    0.00000E+00      0.000000    0.29815E+03   0.000E+00    0
  152  5   53   0.17480E+00     0.33474E+02    0.00000E+00      0.000000    0.29815E+03   0.000E+00    0
  153  5   53   0.37220E+00     0.52631E+02    0.55398E+02      2.766778    0.29815E+03   0.370E-01    0
  154  5   53   0.55150E+00     0.53292E+02    0.00000E+00      0.000000    0.29815E+03   0.000E+00    0
  155  5   53   0.80540E+00     0.59270E+02    0.62964E+02      3.694449    0.29815E+03   0.370E-01    0
  156  5   53   0.99410E+00     0.65420E+02    0.66240E+02      0.819503    0.29815E+03   0.370E-01    0
  157  5   53   0.12423E+01     0.68270E+02    0.70558E+02      2.287578    0.29815E+03   0.370E-01    0
  158  5   53   0.14580E+01     0.72643E+02    0.74284E+02      1.640835    0.29815E+03   0.370E-01    0
  159  5   53   0.14580E+01     0.74482E+02    0.74284E+02     -0.197721    0.29815E+03   0.370E-01    0
  160  5   53   0.18771E+01     0.80166E+02    0.81119E+02      0.953445    0.29815E+03   0.370E-01    0
  161  5   53   0.22300E+01     0.83970E+02    0.85981E+02      2.010795    0.29815E+03   0.370E-01    0
  162  5   54   0.10127E+01     0.69130E+02    0.66563E+02     -2.567068    0.29815E+03   0.185E-01    0
  163  5   54   0.79730E+00     0.64970E+02    0.62824E+02     -2.146418    0.29815E+03   0.185E-01    0
  164  5   54   0.56350E+00     0.60740E+02    0.58749E+02     -1.991156    0.29815E+03   0.185E-01    0
  165  5   54   0.47240E+00     0.59320E+02    0.57149E+02     -2.170689    0.29815E+03   0.185E-01    0
  166  5   54   0.37800E+00     0.58180E+02    0.55499E+02     -2.681441    0.29815E+03   0.185E-01    0
  167  5   54   0.28480E+00     0.57710E+02    0.53916E+02     -3.793593    0.29815E+03   0.185E-01    0
  168  5   54   0.17810E+00     0.58130E+02    0.00000E+00      0.000000    0.29815E+03   0.000E+00    0
  169  5   54   0.10350E+00     0.58610E+02    0.00000E+00      0.000000    0.29815E+03   0.000E+00    0
  170  5   54   0.10127E+01     0.41450E+02    0.40659E+02     -0.790980    0.28315E+03   0.185E-01    0
  171  5   54   0.79730E+00     0.32170E+02    0.32113E+02     -0.056979    0.28315E+03   0.185E-01    0
  172  5   54   0.56350E+00     0.20240E+02    0.21080E+02      0.840139    0.28315E+03   0.185E-01    0
  173  5   54   0.47240E+00     0.14660E+02    0.15938E+02      1.278190    0.28315E+03   0.185E-01    0
  174  5   54   0.37800E+00     0.96900E+01    0.97816E+01      0.091630    0.28315E+03   0.185E-01    0
  175  5   54   0.28480E+00     0.20700E+01    0.23894E+01      0.319374    0.28315E+03   0.185E-01    0
  176  5   54   0.17810E+00    -0.85500E+01   -0.93170E+01     -0.766980    0.28315E+03   0.185E-01    0
  177  5   54   0.10350E+00    -0.21980E+02   -0.23288E+02     -1.307670    0.28315E+03   0.185E-01    0
  178  5   54   0.11027E+01     0.72750E+02    0.72695E+02     -0.054588    0.31315E+03   0.185E-01    0
  179  5   54   0.79730E+00     0.70330E+02    0.69093E+02     -1.236592    0.31315E+03   0.185E-01    0
  180  5   54   0.56350E+00     0.68050E+02    0.67308E+02     -0.742292    0.31315E+03   0.185E-01    0
  181  5   54   0.47240E+00     0.68190E+02    0.67159E+02     -1.030954    0.31315E+03   0.185E-01    0
  182  5   54   0.37800E+00     0.68820E+02    0.67632E+02     -1.187520    0.31315E+03   0.185E-01    0
  183  5   54   0.28480E+00     0.70750E+02    0.69197E+02     -1.553356    0.31315E+03   0.185E-01    0
  184  5   54   0.17810E+00     0.75480E+02    0.00000E+00      0.000000    0.31315E+03   0.000E+00    0
  185  5   54   0.10350E+00     0.83570E+02    0.00000E+00      0.000000    0.31315E+03   0.000E+00    0
  186  5   54   0.10127E+01     0.65190E+02    0.65692E+02      0.501619    0.32815E+03   0.185E-01    0
  187  5   54   0.79730E+00     0.63370E+02    0.63426E+02      0.056263    0.32815E+03   0.185E-01    0
  188  5   54   0.56350E+00     0.61760E+02    0.61810E+02      0.049840    0.32815E+03   0.185E-01    0
  189  5   54   0.47240E+00     0.61500E+02    0.61799E+02      0.298754    0.32815E+03   0.185E-01    0
  190  5   54   0.37800E+00     0.62320E+02    0.62609E+02      0.289273    0.32815E+03   0.185E-01    0
  191  5   54   0.28480E+00     0.64610E+02    0.64951E+02      0.341422    0.32815E+03   0.185E-01    0
  192  5   54   0.17810E+00     0.70830E+02    0.00000E+00      0.000000    0.32815E+03   0.000E+00    0
  193  5   54   0.10350E+00     0.83720E+02    0.00000E+00      0.000000    0.32815E+03   0.000E+00    0
  194  5   55   0.34700E-01     0.17143E+02    0.00000E+00      0.000000    0.29315E+03   0.000E+00    0
  195  5   55   0.69400E-01     0.27949E+02    0.26675E+02     -1.274068    0.29315E+03   0.925E-02    0
  196  5   55   0.13880E+00     0.34530E+02    0.34772E+02      0.241248    0.29315E+03   0.925E-02    0
  197  5   55   0.27750E+00     0.44837E+02    0.41640E+02     -3.197688    0.29315E+03   0.925E-02    0
  198  5   55   0.37000E+00     0.44734E+02    0.44935E+02      0.200887    0.29315E+03   0.925E-02    0
  199  5   55   0.55510E+00     0.53497E+02    0.50427E+02     -3.069967    0.29315E+03   0.925E-02    0
  200  5   55   0.11100E+01     0.63851E+02    0.63406E+02     -0.445240    0.29315E+03   0.925E-02    0
  201  5   55   0.18500E+01     0.81163E+02    0.78323E+02     -2.840557    0.29315E+03   0.925E-02    0
  202  5   55   0.27750E+01     0.91754E+02    0.91519E+02     -0.235186    0.29315E+03   0.925E-02    0
  203  5   55   0.29210E+01     0.92847E+02    0.92681E+02     -0.165524    0.29315E+03   0.925E-02    0
  204  5   55   0.30840E+01     0.92815E+02    0.93653E+02      0.838590    0.29315E+03   0.925E-02    0
  205  5   55   0.32650E+01     0.92626E+02    0.94351E+02      1.724803    0.29315E+03   0.925E-02    0
  206  5   55   0.34690E+01     0.93685E+02    0.94705E+02      1.019539    0.29315E+03   0.925E-02    0
  207  5   55   0.37000E+01     0.94104E+02    0.94648E+02      0.544282    0.29315E+03   0.925E-02    0
  208  5   55   0.39650E+01     0.93344E+02    0.94144E+02      0.799909    0.29315E+03   0.925E-02    0
  209  5   55   0.42700E+01     0.93104E+02    0.93205E+02      0.100505    0.29315E+03   0.925E-02    0
  210  5   55   0.44410E+01     0.92111E+02    0.92583E+02      0.471723    0.29315E+03   0.925E-02    0
  211  5   55   0.46260E+01     0.92694E+02    0.91868E+02     -0.825679    0.29315E+03   0.925E-02    0
  212  5   55   0.50460E+01     0.89562E+02    0.90141E+02      0.578850    0.29315E+03   0.925E-02    0
  213  5   55   0.55510E+01     0.88014E+02    0.87831E+02     -0.183479    0.29315E+03   0.925E-02    0
  214  5   55   0.61670E+01     0.85888E+02    0.00000E+00      0.000000    0.29315E+03   0.000E+00    0
  215  5   55   0.69380E+01     0.83628E+02    0.00000E+00      0.000000    0.29315E+03   0.000E+00    0
  216  5   55   0.79300E+01     0.79811E+02    0.00000E+00      0.000000    0.29315E+03   0.000E+00    0
  217  5   55   0.92510E+01     0.78412E+02    0.00000E+00      0.000000    0.29315E+03   0.000E+00    0
  218  5   55   0.11101E+02     0.80097E+02    0.00000E+00      0.000000    0.29315E+03   0.000E+00    0
  219  5   55   0.13876E+02     0.84310E+02    0.00000E+00      0.000000    0.29315E+03   0.000E+00    0
  220  5   55   0.18502E+02     0.92870E+02    0.00000E+00      0.000000    0.29315E+03   0.000E+00    0
  221  5   55   0.27753E+02     0.10892E+03    0.00000E+00      0.000000    0.29315E+03   0.000E+00    0
  222  5   55   0.35952E+02     0.12160E+03    0.00000E+00      0.000000    0.29315E+03   0.000E+00    0
  223  3   31   0.10030E+00     0.73775E+00    0.73766E+00     -0.000088    0.29815E+03   0.440E+07    2
  224  3   31   0.17450E+00     0.72386E+00    0.72373E+00     -0.000132    0.29815E+03   0.440E+07    2
  225  3   31   0.38770E+00     0.70320E+00    0.70317E+00     -0.000027    0.29815E+03   0.440E+07    2
  226  3   31   0.55300E+00     0.69368E+00    0.69358E+00     -0.000097    0.29815E+03   0.440E+07    2
  227  3   31   0.97760E+00     0.67676E+00    0.67684E+00      0.000082    0.29815E+03   0.440E+07    2
  228  3   31   0.18720E+01     0.65345E+00    0.65339E+00     -0.000063    0.29815E+03   0.440E+07    2
  229  3   31   0.39110E+01     0.61430E+00    0.61434E+00      0.000043    0.29815E+03   0.440E+07    2
  230  3   31   0.57670E+01     0.58474E+00    0.58461E+00     -0.000129    0.29815E+03   0.440E+07    2
  231  3   31   0.79720E+01     0.55490E+00    0.00000E+00      0.000000    0.29815E+03   0.000E+00    2
  232  3   32   0.10000E+00     0.15656E+01    0.15657E+01      0.000113    0.29815E+03   0.440E+07    1
  233  3   32   0.10850E+00     0.15678E+01    0.15678E+01     -0.000021    0.29815E+03   0.440E+07    1
  234  3   32   0.19960E+00     0.15834E+01    0.15832E+01     -0.000134    0.29815E+03   0.440E+07    1
  235  3   32   0.29170E+00     0.15932E+01    0.15930E+01     -0.000159    0.29815E+03   0.440E+07    1
  236  3   32   0.47170E+00     0.16060E+01    0.16059E+01     -0.000136    0.29815E+03   0.440E+07    1
  237  3   32   0.47170E+00     0.16059E+01    0.16059E+01     -0.000046    0.29815E+03   0.440E+07    1
  238  3   32   0.11290E+01     0.16325E+01    0.16323E+01     -0.000153    0.29815E+03   0.440E+07    1
  239  3   32   0.11290E+01     0.16323E+01    0.16323E+01      0.000007    0.29815E+03   0.440E+07    1
  240  3   32   0.22170E+01     0.16600E+01    0.16601E+01      0.000112    0.29815E+03   0.440E+07    1
  241  3   32   0.22170E+01     0.16600E+01    0.16601E+01      0.000082    0.29815E+03   0.440E+07    1
  242  3   32   0.39000E+01     0.16948E+01    0.16950E+01      0.000197    0.29815E+03   0.440E+07    1
  243  3   32   0.39000E+01     0.16950E+01    0.16950E+01     -0.000033    0.29815E+03   0.440E+07    1
  244  3   32   0.49730E+01     0.17155E+01    0.17156E+01      0.000137    0.29815E+03   0.440E+07    1
  245  3   32   0.60950E+01     0.17357E+01    0.17357E+01      0.000010    0.29815E+03   0.440E+07    1
  246  3   32   0.60950E+01     0.17357E+01    0.17357E+01      0.000030    0.29815E+03   0.440E+07    1
  247  3   32   0.71990E+01     0.17548E+01    0.00000E+00      0.000000    0.29815E+03   0.000E+00    1
  248  3   32   0.82720E+01     0.17716E+01    0.00000E+00      0.000000    0.29815E+03   0.000E+00    1
  249  3   33   0.72830E-02     0.14960E+01    0.14961E+01      0.000142    0.29815E+03   0.440E+07    1
  250  3   33   0.10316E-01     0.15060E+01    0.15059E+01     -0.000105    0.29815E+03   0.440E+07    1
  251  3   33   0.57097E-01     0.15510E+01    0.15508E+01     -0.000222    0.29815E+03   0.440E+07    1
  252  3   33   0.95426E-01     0.15638E+01    0.15637E+01     -0.000051    0.29815E+03   0.440E+07    1
  253  3   33   0.95677E-01     0.15636E+01    0.15638E+01      0.000235    0.29815E+03   0.440E+07    1
  254  3   33   0.72830E-02     0.80615E+00    0.80592E+00     -0.000229    0.29815E+03   0.220E+07    2
  255  3   33   0.10316E-01     0.79678E+00    0.79639E+00     -0.000393    0.29815E+03   0.220E+07    2
  256  3   33   0.17138E-01     0.78310E+00    0.78280E+00     -0.000303    0.29815E+03   0.220E+07    2
  257  3   33   0.21505E-01     0.77685E+00    0.77684E+00     -0.000014    0.29815E+03   0.220E+07    2
  258  3   33   0.40055E-01     0.76053E+00    0.76081E+00      0.000280    0.29815E+03   0.440E+07    2
  259  3   33   0.57097E-01     0.75158E+00    0.75183E+00      0.000247    0.29815E+03   0.440E+07    2
  260  3   33   0.84016E-01     0.74187E+00    0.74211E+00      0.000239    0.29815E+03   0.440E+07    2
  261  3   33   0.95426E-01     0.73880E+00    0.73891E+00      0.000112    0.29815E+03   0.440E+07    2
  262  3   33   0.95677E-01     0.73865E+00    0.73885E+00      0.000196    0.29815E+03   0.440E+07    2
  263  3   33   0.87905E-02     0.80095E+00    0.80075E+00     -0.000202    0.29815E+03   0.220E+07    2
  264  3   33   0.23612E-01     0.77437E+00    0.77440E+00      0.000031    0.29815E+03   0.220E+07    2
  265  3   33   0.26077E-01     0.77184E+00    0.77182E+00     -0.000015    0.29815E+03   0.220E+07    2
  266  3   33   0.59169E-01     0.75105E+00    0.75093E+00     -0.000123    0.29815E+03   0.440E+07    2
  267  3   34   0.50554E-01     0.75465E+00    0.75458E+00     -0.000065    0.29815E+03   0.440E+07    2
  268  3   34   0.13792E+00     0.72924E+00    0.72934E+00      0.000102    0.29815E+03   0.440E+07    2
  269  3   34   0.27748E+00     0.71173E+00    0.71158E+00     -0.000153    0.29815E+03   0.440E+07    2
  270  3   34   0.55960E+00     0.69313E+00    0.69294E+00     -0.000192    0.29815E+03   0.440E+07    2
  271  3   34   0.11414E+01     0.67142E+00    0.67149E+00      0.000069    0.29815E+03   0.440E+07    2
  272  3   34   0.17530E+01     0.65572E+00    0.65577E+00      0.000055    0.29815E+03   0.440E+07    2
  273  3   34   0.23858E+01     0.64201E+00    0.64220E+00      0.000184    0.29815E+03   0.440E+07    2
  274  3   35   0.50570E-01     0.75465E+00    0.75489E+00      0.000245    0.29815E+03   0.440E+07    2
  275  3   35   0.50491E+00     0.69623E+00    0.69608E+00     -0.000147    0.29815E+03   0.440E+07    2
  276  3   35   0.10313E+01     0.67532E+00    0.67513E+00     -0.000188    0.29815E+03   0.440E+07    2
  277  3   35   0.36369E+01     0.61890E+00    0.61913E+00      0.000229    0.29815E+03   0.440E+07    2
  278  3   35   0.82066E+01     0.55078E+00    0.00000E+00      0.000000    0.29815E+03   0.000E+00    2
  279  3   40   0.10000E+00     0.73738E+00    0.73774E+00      0.000354    0.29815E+03   0.440E+07    2
  280  3   40   0.50000E+00     0.69632E+00    0.69635E+00      0.000029    0.29815E+03   0.440E+07    2
  281  3   40   0.10000E+01     0.67622E+00    0.67612E+00     -0.000101    0.29815E+03   0.440E+07    2
  282  3   40   0.15000E+01     0.66235E+00    0.66216E+00     -0.000193    0.29815E+03   0.440E+07    2
  283  3   40   0.20000E+01     0.65109E+00    0.00000E+00      0.000000    0.29815E+03   0.000E+00    2
  284  3   40   0.30000E+01     0.63062E+00    0.63065E+00      0.000036    0.29815E+03   0.440E+07    2
  285  3   40   0.40000E+01     0.61221E+00    0.00000E+00      0.000000    0.29815E+03   0.000E+00    2
  286  3   41   0.20000E-02     0.84491E+00    0.00000E+00      0.000000    0.29815E+03   0.000E+00    2
  287  3   41   0.50000E-02     0.81832E+00    0.00000E+00      0.000000    0.29815E+03   0.000E+00    2
  288  3   41   0.80000E-02     0.80474E+00    0.00000E+00      0.000000    0.29815E+03   0.000E+00    2
  289  3   41   0.10000E-01     0.79825E+00    0.00000E+00      0.000000    0.29815E+03   0.000E+00    2
  290  3   36   0.50000E-02     0.14750E+00    0.14772E+00      0.000222    0.29815E+03   0.440E+07    4
  291  3   36   0.10000E-01     0.16750E+00    0.16749E+00     -0.000003    0.29815E+03   0.440E+07    4
  292  3   36   0.20000E-01     0.18643E+00    0.18622E+00     -0.000214    0.29815E+03   0.440E+07    4
  293  3   37   0.50150E-02     0.81647E+00    0.81611E+00     -0.000364    0.29815E+03   0.220E+07    2
  294  3   37   0.25059E-01     0.77406E+00    0.00000E+00      0.000000    0.29815E+03   0.000E+00    2
  295  3   37   0.50206E-01     0.75485E+00    0.75487E+00      0.000022    0.29815E+03   0.440E+07    2
  296  3   37   0.25290E+00     0.71544E+00    0.00000E+00      0.000000    0.29815E+03   0.000E+00    2
  297  3   37   0.51048E+00     0.69543E+00    0.69558E+00      0.000148    0.29815E+03   0.440E+07    2
  298  3   37   0.10408E+01     0.67462E+00    0.67463E+00      0.000012    0.29815E+03   0.440E+07    2
  299  3   38   0.53550E-01     0.79576E+00    0.79544E+00     -0.000327    0.29815E+03   0.440E+07    3
  300  3   38   0.10000E+00     0.82667E+00    0.82690E+00      0.000223    0.29815E+03   0.440E+07    3
  301  3   38   0.10350E+00     0.82877E+00    0.82863E+00     -0.000148    0.29815E+03   0.440E+07    3
  302  3   38   0.25790E+00     0.87499E+00    0.87495E+00     -0.000038    0.29815E+03   0.440E+07    3
  303  3   38   0.51540E+00     0.91110E+00    0.00000E+00      0.000000    0.29815E+03   0.000E+00    3
  304  3   38   0.10360E+01     0.95291E+00    0.00000E+00      0.000000    0.29815E+03   0.000E+00    3
  305  3   38   0.10650E+01     0.95532E+00    0.95516E+00     -0.000151    0.29815E+03   0.440E+07    3
  306  3   38   0.19640E+01     0.10016E+01    0.10019E+01      0.000237    0.29815E+03   0.440E+07    3
  307  3   38   0.22060E+01     0.10124E+01    0.10126E+01      0.000138    0.29815E+03   0.440E+07    3
  308  3   38   0.34990E+01     0.10643E+01    0.10643E+01      0.000065    0.29815E+03   0.440E+07    3
  309  3   31   0.10030E+00     0.73866E+00    0.73866E+00     -0.000004    0.27815E+03   0.440E+07    2
  310  3   31   0.17450E+00     0.72547E+00    0.72536E+00     -0.000109    0.27815E+03   0.440E+07    2
  311  3   31   0.38770E+00     0.70589E+00    0.70591E+00      0.000022    0.27815E+03   0.440E+07    2
  312  3   31   0.55300E+00     0.69703E+00    0.69690E+00     -0.000126    0.27815E+03   0.440E+07    2
  313  3   31   0.97760E+00     0.68099E+00    0.68119E+00      0.000197    0.27815E+03   0.440E+07    2
  314  3   31   0.18720E+01     0.65837E+00    0.00000E+00      0.000000    0.27815E+03   0.000E+00    2
  315  3   31   0.39110E+01     0.61977E+00    0.61991E+00      0.000143    0.27815E+03   0.440E+07    2
  316  3   31   0.57670E+01     0.59538E+00    0.00000E+00      0.000000    0.27815E+03   0.000E+00    2
  317  3   31   0.79720E+01     0.55985E+00    0.00000E+00      0.000000    0.27815E+03   0.000E+00    2
  318  3   31   0.10030E+00     0.73820E+00    0.73819E+00     -0.000015    0.28815E+03   0.440E+07    2
  319  3   31   0.17450E+00     0.72461E+00    0.72456E+00     -0.000046    0.28815E+03   0.440E+07    2
  320  3   31   0.38770E+00     0.70458E+00    0.70455E+00     -0.000033    0.28815E+03   0.440E+07    2
  321  3   31   0.55300E+00     0.69536E+00    0.69524E+00     -0.000121    0.28815E+03   0.440E+07    2
  322  3   31   0.97760E+00     0.67912E+00    0.67899E+00     -0.000129    0.28815E+03   0.440E+07    2
  323  3   31   0.18720E+01     0.65582E+00    0.65605E+00      0.000228    0.28815E+03   0.440E+07    2
  324  3   31   0.39110E+01     0.61725E+00    0.61711E+00     -0.000140    0.28815E+03   0.440E+07    2
  325  3   31   0.57670E+01     0.58717E+00    0.58711E+00     -0.000061    0.28815E+03   0.440E+07    2
  326  3   31   0.79720E+01     0.55731E+00    0.00000E+00      0.000000    0.28815E+03   0.000E+00    2
  327  3   31   0.10030E+00     0.73729E+00    0.73710E+00     -0.000188    0.30815E+03   0.440E+07    2
  328  3   31   0.17450E+00     0.72301E+00    0.72286E+00     -0.000154    0.30815E+03   0.440E+07    2
  329  3   31   0.38770E+00     0.70180E+00    0.70178E+00     -0.000024    0.30815E+03   0.440E+07    2
  330  3   31   0.55300E+00     0.69201E+00    0.69191E+00     -0.000095    0.30815E+03   0.440E+07    2
  331  3   31   0.97760E+00     0.67453E+00    0.67471E+00      0.000177    0.30815E+03   0.440E+07    2
  332  3   31   0.18720E+01     0.65065E+00    0.65079E+00      0.000137    0.30815E+03   0.440E+07    2
  333  3   31   0.39110E+01     0.61155E+00    0.61160E+00      0.000047    0.30815E+03   0.440E+07    2
  334  3   31   0.57670E+01     0.58203E+00    0.58211E+00      0.000075    0.30815E+03   0.440E+07    2
  335  3   31   0.79720E+01     0.55266E+00    0.00000E+00      0.000000    0.30815E+03   0.000E+00    2
  336  3   31   0.10030E+00     0.73678E+00    0.00000E+00      0.000000    0.31815E+03   0.000E+00    2
  337  3   31   0.17450E+00     0.72209E+00    0.72179E+00     -0.000303    0.31815E+03   0.440E+07    2
  338  3   31   0.38770E+00     0.70025E+00    0.70019E+00     -0.000062    0.31815E+03   0.440E+07    2
  339  3   31   0.55300E+00     0.69007E+00    0.69006E+00     -0.000007    0.31815E+03   0.440E+07    2
  340  3   31   0.97760E+00     0.67241E+00    0.67241E+00      0.000001    0.31815E+03   0.440E+07    2
  341  3   31   0.18720E+01     0.64776E+00    0.00000E+00      0.000000    0.31815E+03   0.000E+00    2
  342  3   31   0.39110E+01     0.60857E+00    0.60871E+00      0.000144    0.31815E+03   0.440E+07    2
  343  3   31   0.57670E+01     0.57920E+00    0.57943E+00      0.000230    0.31815E+03   0.440E+07    2
  344  3   31   0.79720E+01     0.55042E+00    0.00000E+00      0.000000    0.31815E+03   0.000E+00    2
  345  3   31   0.10030E+00     0.73629E+00    0.00000E+00      0.000000    0.32815E+03   0.000E+00    2
  346  3   31   0.17450E+00     0.72116E+00    0.72095E+00     -0.000206    0.32815E+03   0.440E+07    2
  347  3   31   0.38770E+00     0.69850E+00    0.69884E+00      0.000339    0.32815E+03   0.440E+07    2
  348  3   31   0.55300E+00     0.68858E+00    0.68846E+00     -0.000121    0.32815E+03   0.440E+07    2
  349  3   31   0.97760E+00     0.67028E+00    0.67039E+00      0.000106    0.32815E+03   0.440E+07    2
  350  3   31   0.18720E+01     0.64491E+00    0.00000E+00      0.000000    0.32815E+03   0.000E+00    2
  351  3   31   0.39110E+01     0.60633E+00    0.60620E+00     -0.000133    0.32815E+03   0.440E+07    2
  352  3   31   0.57670E+01     0.57614E+00    0.00000E+00      0.000000    0.32815E+03   0.000E+00    2
  353  3   31   0.79720E+01     0.54842E+00    0.00000E+00      0.000000    0.32815E+03   0.000E+00    2
  354  3   32   0.10000E+00     0.15746E+01    0.15747E+01      0.000127    0.27815E+03   0.440E+07    1
  355  3   32   0.19960E+00     0.15915E+01    0.15914E+01     -0.000054    0.27815E+03   0.440E+07    1
  356  3   32   0.29170E+00     0.16008E+01    0.16007E+01     -0.000115    0.27815E+03   0.440E+07    1
  357  3   32   0.47170E+00     0.16129E+01    0.16128E+01     -0.000081    0.27815E+03   0.440E+07    1
  358  3   32   0.11290E+01     0.16379E+01    0.16377E+01     -0.000230    0.27815E+03   0.440E+07    1
  359  3   32   0.22170E+01     0.16642E+01    0.16644E+01      0.000174    0.27815E+03   0.440E+07    1
  360  3   32   0.39000E+01     0.16991E+01    0.16993E+01      0.000181    0.27815E+03   0.440E+07    1
  361  3   32   0.49730E+01     0.17204E+01    0.17204E+01      0.000031    0.27815E+03   0.440E+07    1
  362  3   32   0.60950E+01     0.17409E+01    0.17409E+01     -0.000008    0.27815E+03   0.440E+07    1
  363  3   32   0.71990E+01     0.17602E+01    0.00000E+00      0.000000    0.27815E+03   0.000E+00    1
  364  3   32   0.10000E+00     0.15722E+01    0.15724E+01      0.000173    0.28315E+03   0.440E+07    1
  365  3   32   0.19960E+00     0.15895E+01    0.15893E+01     -0.000127    0.28315E+03   0.440E+07    1
  366  3   32   0.29170E+00     0.15989E+01    0.15987E+01     -0.000113    0.28315E+03   0.440E+07    1
  367  3   32   0.47170E+00     0.16112E+01    0.16110E+01     -0.000142    0.28315E+03   0.440E+07    1
  368  3   32   0.11290E+01     0.16366E+01    0.16363E+01     -0.000269    0.28315E+03   0.440E+07    1
  369  3   32   0.22170E+01     0.16631E+01    0.16633E+01      0.000163    0.28315E+03   0.440E+07    1
  370  3   32   0.39000E+01     0.16980E+01    0.16982E+01      0.000190    0.28315E+03   0.440E+07    1
  371  3   32   0.49730E+01     0.17192E+01    0.17192E+01     -0.000033    0.28315E+03   0.440E+07    1
  372  3   32   0.60950E+01     0.17395E+01    0.17395E+01      0.000066    0.28315E+03   0.440E+07    1
  373  3   32   0.71990E+01     0.17588E+01    0.00000E+00      0.000000    0.28315E+03   0.000E+00    1
  374  3   32   0.10000E+00     0.15678E+01    0.15679E+01      0.000096    0.29315E+03   0.440E+07    1
  375  3   32   0.19960E+00     0.15853E+01    0.15852E+01     -0.000099    0.29315E+03   0.440E+07    1
  376  3   32   0.29170E+00     0.15950E+01    0.15949E+01     -0.000128    0.29315E+03   0.440E+07    1
  377  3   32   0.47170E+00     0.16077E+01    0.16076E+01     -0.000165    0.29315E+03   0.440E+07    1
  378  3   32   0.11290E+01     0.16339E+01    0.16337E+01     -0.000248    0.29315E+03   0.440E+07    1
  379  3   32   0.22170E+01     0.16610E+01    0.16612E+01      0.000160    0.29315E+03   0.440E+07    1
  380  3   32   0.39000E+01     0.16958E+01    0.16960E+01      0.000211    0.29315E+03   0.440E+07    1
  381  3   32   0.49730E+01     0.17166E+01    0.17168E+01      0.000192    0.29315E+03   0.440E+07    1
  382  3   32   0.60950E+01     0.17370E+01    0.17370E+01     -0.000005    0.29315E+03   0.440E+07    1
  383  3   32   0.71990E+01     0.17562E+01    0.00000E+00      0.000000    0.29315E+03   0.000E+00    1
  384  3   32   0.10000E+00     0.15614E+01    0.15614E+01      0.000064    0.30815E+03   0.440E+07    1
  385  3   32   0.19960E+00     0.15794E+01    0.15793E+01     -0.000048    0.30815E+03   0.440E+07    1
  386  3   32   0.29170E+00     0.15895E+01    0.15894E+01     -0.000098    0.30815E+03   0.440E+07    1
  387  3   32   0.47170E+00     0.16028E+01    0.16026E+01     -0.000265    0.30815E+03   0.440E+07    1
  388  3   32   0.11290E+01     0.16300E+01    0.16298E+01     -0.000247    0.30815E+03   0.440E+07    1
  389  3   32   0.22170E+01     0.16577E+01    0.16580E+01      0.000237    0.30815E+03   0.440E+07    1
  390  3   32   0.39000E+01     0.16927E+01    0.16929E+01      0.000236    0.30815E+03   0.440E+07    1
  391  3   32   0.49730E+01     0.17132E+01    0.17134E+01      0.000252    0.30815E+03   0.440E+07    1
  392  3   32   0.60950E+01     0.17334E+01    0.17334E+01     -0.000021    0.30815E+03   0.440E+07    1
  393  3   32   0.71990E+01     0.17524E+01    0.00000E+00      0.000000    0.30815E+03   0.000E+00    1
  394  3   32   0.10000E+00     0.15573E+01    0.15573E+01     -0.000045    0.31815E+03   0.440E+07    1
  395  3   32   0.19960E+00     0.15756E+01    0.15756E+01     -0.000018    0.31815E+03   0.440E+07    1
  396  3   32   0.29170E+00     0.15860E+01    0.15859E+01     -0.000074    0.31815E+03   0.440E+07    1
  397  3   32   0.47170E+00     0.15998E+01    0.15994E+01     -0.000338    0.31815E+03   0.440E+07    1
  398  3   32   0.11290E+01     0.16275E+01    0.16273E+01     -0.000243    0.31815E+03   0.440E+07    1
  399  3   32   0.22170E+01     0.16557E+01    0.16559E+01      0.000221    0.31815E+03   0.440E+07    1
  400  3   32   0.39000E+01     0.16907E+01    0.16910E+01      0.000268    0.31815E+03   0.440E+07    1
  401  3   32   0.49730E+01     0.17111E+01    0.17113E+01      0.000148    0.31815E+03   0.440E+07    1
  402  3   32   0.60950E+01     0.17313E+01    0.17312E+01     -0.000082    0.31815E+03   0.440E+07    1
  403  3   32   0.71990E+01     0.17502E+01    0.00000E+00      0.000000    0.31815E+03   0.000E+00    1
  404  3   32   0.10000E+00     0.15534E+01    0.15533E+01     -0.000051    0.32815E+03   0.440E+07    1
  405  3   32   0.19960E+00     0.15720E+01    0.15720E+01      0.000035    0.32815E+03   0.440E+07    1
  406  3   32   0.29170E+00     0.15825E+01    0.15825E+01      0.000050    0.32815E+03   0.440E+07    1
  407  3   32   0.47170E+00     0.15967E+01    0.15964E+01     -0.000279    0.32815E+03   0.440E+07    1
  408  3   32   0.11290E+01     0.16251E+01    0.16249E+01     -0.000141    0.32815E+03   0.440E+07    1
  409  3   32   0.22170E+01     0.16537E+01    0.16540E+01      0.000229    0.32815E+03   0.440E+07    1
  410  3   32   0.39000E+01     0.16888E+01    0.16890E+01      0.000192    0.32815E+03   0.440E+07    1
  411  3   32   0.49730E+01     0.17093E+01    0.17092E+01     -0.000134    0.32815E+03   0.440E+07    1
  412  3   32   0.60950E+01     0.17291E+01    0.17293E+01      0.000156    0.32815E+03   0.440E+07    1
  413  3   32   0.71990E+01     0.17480E+01    0.00000E+00      0.000000    0.32815E+03   0.000E+00    1
  414  3   36   0.50000E-02     0.14492E+00    0.00000E+00      0.000000    0.27315E+03   0.000E+00    4
  415  3   36   0.10000E-01     0.16448E+00    0.16448E+00     -0.000001    0.27315E+03   0.440E+07    4
  416  3   36   0.20000E-01     0.18307E+00    0.00000E+00      0.000000    0.27315E+03   0.000E+00    4
  417  3   36   0.50000E-02     0.14627E+00    0.14649E+00      0.000218    0.28565E+03   0.440E+07    4
  418  3   36   0.10000E-01     0.16593E+00    0.16600E+00      0.000069    0.28565E+03   0.440E+07    4
  419  3   36   0.20000E-01     0.18473E+00    0.18444E+00     -0.000287    0.28565E+03   0.440E+07    4
  420  3   36   0.50000E-02     0.14895E+00    0.14917E+00      0.000225    0.31065E+03   0.440E+07    4
  421  3   36   0.10000E-01     0.16915E+00    0.16913E+00     -0.000013    0.31065E+03   0.440E+07    4
  422  3   36   0.20000E-01     0.18834E+00    0.18812E+00     -0.000218    0.31065E+03   0.440E+07    4
  423  3   36   0.50000E-02     0.15042E+00    0.15056E+00      0.000141    0.32315E+03   0.440E+07    4
  424  3   36   0.10000E-01     0.17073E+00    0.17070E+00     -0.000025    0.32315E+03   0.440E+07    4
  425  3   36   0.20000E-01     0.19010E+00    0.18999E+00     -0.000114    0.32315E+03   0.440E+07    4
  426  1    1   0.43760E+01     0.12004E+01    0.00000E+00      0.000000    0.29815E+03   0.000E+00    0
  427  1    1   0.48810E+01     0.12815E+01    0.12869E+01      0.005443    0.29815E+03   0.430E+05    0
  428  1    1   0.50020E+01     0.12980E+01    0.00000E+00      0.000000    0.29815E+03   0.000E+00    0
  429  1    1   0.51440E+01     0.13196E+01    0.00000E+00      0.000000    0.29815E+03   0.000E+00    0
  430  1    1   0.60560E+01     0.14517E+01    0.14506E+01     -0.001088    0.29815E+03   0.430E+05    0
  431  1    1   0.68650E+01     0.15568E+01    0.00000E+00      0.000000    0.29815E+03   0.000E+00    0
  432  1    1   0.79370E+01     0.16828E+01    0.00000E+00      0.000000    0.29815E+03   0.000E+00    0
  433  1    2   0.20831E+01     0.85936E+00    0.85807E+00     -0.001288    0.29815E+03   0.430E+05    0
  434  1    2   0.30051E+01     0.99378E+00    0.99340E+00     -0.000375    0.29815E+03   0.430E+05    0
  435  1    2   0.31495E+01     0.10156E+01    0.10155E+01     -0.000108    0.29815E+03   0.430E+05    0
  436  1    2   0.34061E+01     0.10540E+01    0.10552E+01      0.001123    0.29815E+03   0.430E+05    0
  437  1    2   0.35567E+01     0.10773E+01    0.10787E+01      0.001433    0.29815E+03   0.430E+05    0
  438  1    2   0.35738E+01     0.10791E+01    0.10814E+01      0.002302    0.29815E+03   0.430E+05    0
  439  1    2   0.39005E+01     0.11333E+01    0.11331E+01     -0.000155    0.29815E+03   0.430E+05    0
  440  1    2   0.39455E+01     0.11379E+01    0.11403E+01      0.002410    0.29815E+03   0.430E+05    0
  441  1    2   0.40465E+01     0.11545E+01    0.11563E+01      0.001855    0.29815E+03   0.430E+05    0
  442  1    2   0.43242E+01     0.12011E+01    0.12004E+01     -0.000690    0.29815E+03   0.430E+05    0
  443  1    2   0.43481E+01     0.12025E+01    0.12042E+01      0.001738    0.29815E+03   0.430E+05    0
  444  1    2   0.43537E+01     0.12058E+01    0.12051E+01     -0.000678    0.29815E+03   0.430E+05    0
  445  1    3   0.95800E-01     0.67520E+00    0.67627E+00      0.001068    0.29815E+03   0.108E+05    0
  446  1    3   0.18810E+00     0.66480E+00    0.66522E+00      0.000415    0.29815E+03   0.108E+05    0
  447  1    3   0.28670E+00     0.66132E+00    0.66467E+00      0.003350    0.29815E+03   0.108E+05    0
  448  1    3   0.38420E+00     0.66463E+00    0.66799E+00      0.003356    0.29815E+03   0.108E+05    0
  449  1    3   0.51970E+00     0.67204E+00    0.67579E+00      0.003752    0.29815E+03   0.108E+05    0
  450  1    3   0.64010E+00     0.68200E+00    0.68476E+00      0.002765    0.29815E+03   0.108E+05    0
  451  1    3   0.73350E+00     0.69083E+00    0.69273E+00      0.001900    0.29815E+03   0.108E+05    0
  452  1    3   0.88200E+00     0.70534E+00    0.70687E+00      0.001525    0.29815E+03   0.108E+05    0
  453  1    3   0.10460E+01     0.72390E+00    0.72420E+00      0.000301    0.29815E+03   0.108E+05    0
  454  1    3   0.12680E+01     0.74999E+00    0.74994E+00     -0.000055    0.29815E+03   0.108E+05    0
  455  1    3   0.15440E+01     0.78577E+00    0.78465E+00     -0.001122    0.29815E+03   0.108E+05    0
  456  1    3   0.21830E+01     0.87445E+00    0.87224E+00     -0.002211    0.29815E+03   0.108E+05    0
  457  1    3   0.28300E+01     0.96496E+00    0.96697E+00      0.002008    0.29815E+03   0.108E+05    0
  458  1    3   0.31560E+01     0.10136E+01    0.10164E+01      0.002820    0.29815E+03   0.108E+05    0
  459  1    3   0.38150E+01     0.11123E+01    0.00000E+00      0.000000    0.29815E+03   0.000E+00    0
  460  1    3   0.43490E+01     0.12058E+01    0.12043E+01     -0.001490    0.29815E+03   0.108E+05    0
  461  1    4   0.90900E-01     0.68573E+00    0.00000E+00      0.000000    0.29815E+03   0.000E+00    0
  462  1    4   0.90800E-01     0.68199E+00    0.67763E+00     -0.004364    0.29815E+03   0.108E+05    0
  463  1    4   0.90800E-01     0.68435E+00    0.67763E+00     -0.006724    0.29815E+03   0.108E+05    0
  464  1    4   0.94000E-01     0.68124E+00    0.67674E+00     -0.004499    0.29815E+03   0.108E+05    0
  465  1    4   0.18580E+00     0.66973E+00    0.66531E+00     -0.004419    0.29815E+03   0.108E+05    0
  466  1    4   0.18890E+00     0.66712E+00    0.66518E+00     -0.001937    0.29815E+03   0.108E+05    0
  467  1    4   0.19010E+00     0.66871E+00    0.66514E+00     -0.003574    0.29815E+03   0.108E+05    0
  468  1    4   0.19650E+00     0.66762E+00    0.66491E+00     -0.002710    0.29815E+03   0.108E+05    0
  469  1    4   0.27920E+00     0.66849E+00    0.66453E+00     -0.003956    0.29815E+03   0.108E+05    0
  470  1    4   0.28460E+00     0.66796E+00    0.66463E+00     -0.003330    0.29815E+03   0.108E+05    0
  471  1    4   0.36620E+00     0.67079E+00    0.66719E+00     -0.003597    0.29815E+03   0.108E+05    0
  472  1    4   0.37420E+00     0.67144E+00    0.66754E+00     -0.003903    0.29815E+03   0.108E+05    0
  473  1    4   0.46090E+00     0.67575E+00    0.67205E+00     -0.003697    0.29815E+03   0.108E+05    0
  474  1    4   0.47050E+00     0.67617E+00    0.67263E+00     -0.003540    0.29815E+03   0.108E+05    0
  475  1    4   0.62220E+00     0.68300E+00    0.68333E+00      0.000332    0.29815E+03   0.108E+05    0
  476  1    4   0.88670E+00     0.70243E+00    0.70734E+00      0.004908    0.29815E+03   0.108E+05    0
  477  1    4   0.88920E+00     0.70233E+00    0.70759E+00      0.005261    0.29815E+03   0.108E+05    0
  478  1    4   0.13651E+01     0.76309E+00    0.76185E+00     -0.001239    0.29815E+03   0.322E+05    0
  479  1    4   0.17065E+01     0.80488E+00    0.80614E+00      0.001258    0.29815E+03   0.322E+05    0
  480  1    4   0.19351E+01     0.83697E+00    0.83736E+00      0.000390    0.29815E+03   0.322E+05    0
  481  1    4   0.19998E+01     0.84440E+00    0.84637E+00      0.001971    0.29815E+03   0.322E+05    0
  482  1    4   0.26023E+01     0.93105E+00    0.93309E+00      0.002036    0.29815E+03   0.322E+05    0
  483  1    4   0.28298E+01     0.96633E+00    0.96694E+00      0.000608    0.29815E+03   0.322E+05    0
  484  1    5   0.90820E-01     0.67958E+00    0.67762E+00     -0.001960    0.29815E+03   0.108E+05    0
  485  1    5   0.90790E-01     0.68546E+00    0.00000E+00      0.000000    0.29815E+03   0.000E+00    0
  486  1    5   0.94050E-01     0.67951E+00    0.67673E+00     -0.002782    0.29815E+03   0.108E+05    0
  487  1    5   0.18577E+00     0.66674E+00    0.66531E+00     -0.001428    0.29815E+03   0.108E+05    0
  488  1    5   0.18892E+00     0.66569E+00    0.66518E+00     -0.000508    0.29815E+03   0.108E+05    0
  489  1    5   0.19006E+00     0.66718E+00    0.66514E+00     -0.002042    0.29815E+03   0.108E+05    0
  490  1    5   0.19655E+00     0.66602E+00    0.66491E+00     -0.001112    0.29815E+03   0.108E+05    0
  491  1    5   0.27916E+00     0.66632E+00    0.66453E+00     -0.001786    0.29815E+03   0.108E+05    0
  492  1    5   0.28463E+00     0.66682E+00    0.66463E+00     -0.002190    0.29815E+03   0.108E+05    0
  493  1    5   0.36619E+00     0.67098E+00    0.66719E+00     -0.003788    0.29815E+03   0.108E+05    0
  494  1    5   0.37419E+00     0.67000E+00    0.66754E+00     -0.002463    0.29815E+03   0.108E+05    0
  495  1    5   0.46089E+00     0.67468E+00    0.67205E+00     -0.002627    0.29815E+03   0.108E+05    0
  496  1    5   0.47046E+00     0.67568E+00    0.67263E+00     -0.003052    0.29815E+03   0.108E+05    0
  497  1    5   0.62219E+00     0.68269E+00    0.68333E+00      0.000641    0.29815E+03   0.108E+05    0
  498  1    5   0.88666E+00     0.70431E+00    0.70733E+00      0.003024    0.29815E+03   0.108E+05    0
  499  1    5   0.88920E+00     0.70336E+00    0.70759E+00      0.004231    0.29815E+03   0.108E+05    0
  500  1    5   0.10109E+01     0.72299E+00    0.72036E+00     -0.002633    0.29815E+03   0.322E+05    0
  501  1    5   0.13651E+01     0.76535E+00    0.76185E+00     -0.003499    0.29815E+03   0.322E+05    0
  502  1    5   0.17065E+01     0.80758E+00    0.80614E+00     -0.001442    0.29815E+03   0.322E+05    0
  503  1    5   0.19351E+01     0.84090E+00    0.83736E+00     -0.003540    0.29815E+03   0.322E+05    0
  504  1    5   0.19998E+01     0.84816E+00    0.84637E+00     -0.001789    0.29815E+03   0.322E+05    0
  505  1    5   0.26023E+01     0.93390E+00    0.93309E+00     -0.000814    0.29815E+03   0.322E+05    0
  506  1    5   0.28298E+01     0.96823E+00    0.96694E+00     -0.001292    0.29815E+03   0.322E+05    0
  507  1    5   0.31663E+01     0.10190E+01    0.10180E+01     -0.000969    0.29815E+03   0.322E+05    0
  508  1    5   0.33892E+01     0.10515E+01    0.10525E+01      0.001029    0.29815E+03   0.322E+05    0
  509  1    5   0.39291E+01     0.11366E+01    0.11377E+01      0.001062    0.29815E+03   0.322E+05    0
  510  1    5   0.43145E+01     0.11981E+01    0.11989E+01      0.000835    0.29815E+03   0.322E+05    0
  511  1    5   0.43741E+01     0.11995E+01    0.00000E+00      0.000000    0.29815E+03   0.000E+00    0
  512  1    6   0.19460E+00     0.66864E+00    0.66497E+00     -0.003667    0.29815E+03   0.108E+05    0
  513  1    6   0.22130E+00     0.66712E+00    0.66436E+00     -0.002764    0.29815E+03   0.108E+05    0
  514  1    6   0.34950E+00     0.66907E+00    0.66652E+00     -0.002549    0.29815E+03   0.108E+05    0
  515  1    6   0.36140E+00     0.67183E+00    0.66699E+00     -0.004837    0.29815E+03   0.108E+05    0
  516  1    6   0.48320E+00     0.67574E+00    0.67341E+00     -0.002326    0.29815E+03   0.108E+05    0
  517  1    6   0.58330E+00     0.68227E+00    0.68033E+00     -0.001938    0.29815E+03   0.108E+05    0
  518  1    6   0.63760E+00     0.68223E+00    0.68456E+00      0.002333    0.29815E+03   0.108E+05    0
  519  1    6   0.71010E+00     0.69101E+00    0.69066E+00     -0.000349    0.29815E+03   0.108E+05    0
  520  1    6   0.74920E+00     0.69508E+00    0.69414E+00     -0.000936    0.29815E+03   0.108E+05    0
  521  1    6   0.79080E+00     0.69972E+00    0.69799E+00     -0.001734    0.29815E+03   0.108E+05    0
  522  1    6   0.86660E+00     0.70623E+00    0.70532E+00     -0.000906    0.29815E+03   0.108E+05    0
  523  1    6   0.90680E+00     0.71021E+00    0.70938E+00     -0.000830    0.29815E+03   0.108E+05    0
  524  1    6   0.97880E+00     0.72047E+00    0.71690E+00     -0.003567    0.29815E+03   0.108E+05    0
  525  1    6   0.10150E+01     0.72471E+00    0.72080E+00     -0.003907    0.29815E+03   0.108E+05    0
  526  1    6   0.10240E+01     0.72547E+00    0.72178E+00     -0.003686    0.29815E+03   0.108E+05    0
  527  1    6   0.10510E+01     0.72829E+00    0.72475E+00     -0.003536    0.29815E+03   0.108E+05    0
  528  1    6   0.11510E+01     0.73838E+00    0.73609E+00     -0.002294    0.29815E+03   0.108E+05    0
  529  1    6   0.11850E+01     0.74574E+00    0.74005E+00     -0.005692    0.29815E+03   0.108E+05    0
  530  1    6   0.13160E+01     0.75898E+00    0.75578E+00     -0.003199    0.29815E+03   0.108E+05    0
  531  1    6   0.13680E+01     0.76385E+00    0.76221E+00     -0.001638    0.29815E+03   0.108E+05    0
  532  1    6   0.14560E+01     0.77366E+00    0.77331E+00     -0.000351    0.29815E+03   0.108E+05    0
  533  1    6   0.15750E+01     0.79156E+00    0.78870E+00     -0.002864    0.29815E+03   0.108E+05    0
  534  1    6   0.16270E+01     0.79410E+00    0.79554E+00      0.001442    0.29815E+03   0.108E+05    0
  535  1    6   0.17760E+01     0.81746E+00    0.81552E+00     -0.001940    0.29815E+03   0.108E+05    0
  536  1    6   0.18730E+01     0.82915E+00    0.82878E+00     -0.000371    0.29815E+03   0.108E+05    0
  537  1    6   0.18730E+01     0.82985E+00    0.82878E+00     -0.001071    0.29815E+03   0.108E+05    0
  538  1    6   0.19510E+01     0.83991E+00    0.83957E+00     -0.000342    0.29815E+03   0.108E+05    0
  539  1    6   0.21080E+01     0.86098E+00    0.86159E+00      0.000610    0.29815E+03   0.108E+05    0
  540  1    6   0.21270E+01     0.85995E+00    0.86428E+00      0.004330    0.29815E+03   0.108E+05    0
  541  1    6   0.22030E+01     0.86996E+00    0.87509E+00      0.005132    0.29815E+03   0.108E+05    0
  542  1    6   0.22830E+01     0.88593E+00    0.88656E+00      0.000626    0.29815E+03   0.108E+05    0
  543  1    6   0.23020E+01     0.88789E+00    0.88929E+00      0.001401    0.29815E+03   0.108E+05    0
  544  1    6   0.23080E+01     0.89096E+00    0.89016E+00     -0.000805    0.29815E+03   0.108E+05    0
  545  1    6   0.24120E+01     0.90438E+00    0.90521E+00      0.000831    0.29815E+03   0.108E+05    0
  546  1    6   0.24120E+01     0.90467E+00    0.90521E+00      0.000541    0.29815E+03   0.108E+05    0
  547  1    6   0.24760E+01     0.91131E+00    0.91454E+00      0.003230    0.29815E+03   0.108E+05    0
  548  1    6   0.25180E+01     0.91460E+00    0.92069E+00      0.006087    0.29815E+03   0.108E+05    0
  549  1    6   0.25440E+01     0.92057E+00    0.92450E+00      0.003933    0.29815E+03   0.108E+05    0
  550  1    6   0.26290E+01     0.93643E+00    0.93703E+00      0.000600    0.29815E+03   0.108E+05    0
  551  1    6   0.26390E+01     0.93751E+00    0.93851E+00      0.000999    0.29815E+03   0.108E+05    0
  552  1    6   0.26410E+01     0.93707E+00    0.93880E+00      0.001735    0.29815E+03   0.108E+05    0
  553  1    6   0.26630E+01     0.94583E+00    0.94206E+00     -0.003767    0.29815E+03   0.108E+05    0
  554  1    6   0.26960E+01     0.95142E+00    0.94696E+00     -0.004460    0.29815E+03   0.108E+05    0
  555  1    6   0.27110E+01     0.95178E+00    0.94919E+00     -0.002590    0.29815E+03   0.108E+05    0
  556  1    6   0.27570E+01     0.95622E+00    0.95604E+00     -0.000176    0.29815E+03   0.108E+05    0
  557  1    6   0.27770E+01     0.95696E+00    0.95903E+00      0.002071    0.29815E+03   0.108E+05    0
  558  1    6   0.28000E+01     0.96349E+00    0.96247E+00     -0.001018    0.29815E+03   0.108E+05    0
  559  1    6   0.28660E+01     0.97266E+00    0.97238E+00     -0.000284    0.29815E+03   0.108E+05    0
  560  1    6   0.28670E+01     0.97671E+00    0.97253E+00     -0.004183    0.29815E+03   0.108E+05    0
  561  1    6   0.30240E+01     0.10002E+01    0.99628E+00     -0.003912    0.29815E+03   0.108E+05    0
  562  1    6   0.30320E+01     0.10023E+01    0.99750E+00     -0.004785    0.29815E+03   0.108E+05    0
  563  1    6   0.31200E+01     0.10181E+01    0.10109E+01     -0.007180    0.29815E+03   0.108E+05    0
  564  1    6   0.31360E+01     0.10205E+01    0.10134E+01     -0.007098    0.29815E+03   0.108E+05    0
  565  1    7   0.19180E+01     0.83050E+00    0.83499E+00      0.004490    0.29815E+03   0.430E+05    0
  566  1    7   0.22390E+01     0.87405E+00    0.00000E+00      0.000000    0.29815E+03   0.000E+00    0
  567  1    7   0.36590E+01     0.10967E+01    0.10949E+01     -0.001830    0.29815E+03   0.430E+05    0
  568  1    7   0.37760E+01     0.11141E+01    0.11134E+01     -0.000699    0.29815E+03   0.430E+05    0
  569  1    7   0.42180E+01     0.11868E+01    0.11836E+01     -0.003157    0.29815E+03   0.430E+05    0
  570  1    7   0.42790E+01     0.11931E+01    0.11933E+01      0.000155    0.29815E+03   0.430E+05    0
  571  1    7   0.43390E+01     0.12031E+01    0.12028E+01     -0.000330    0.29815E+03   0.430E+05    0
  572  1    7   0.49470E+01     0.12994E+01    0.12969E+01     -0.002527    0.29815E+03   0.430E+05    0
  573  1    7   0.54540E+01     0.13676E+01    0.13707E+01      0.003057    0.29815E+03   0.430E+05    0
  574  1    7   0.58330E+01     0.14244E+01    0.14220E+01     -0.002361    0.29815E+03   0.430E+05    0
  575  1    7   0.66710E+01     0.15365E+01    0.00000E+00      0.000000    0.29815E+03   0.000E+00    0
  576  1    7   0.75400E+01     0.16458E+01    0.00000E+00      0.000000    0.29815E+03   0.000E+00    0
  577  1    7   0.83830E+01     0.17402E+01    0.00000E+00      0.000000    0.29815E+03   0.000E+00    0
  578  1    7   0.94000E+01     0.18346E+01    0.00000E+00      0.000000    0.29815E+03   0.000E+00    0
  579  1    7   0.10135E+02     0.18957E+01    0.00000E+00      0.000000    0.29815E+03   0.000E+00    0
  580  1    7   0.11235E+02     0.19849E+01    0.00000E+00      0.000000    0.29815E+03   0.000E+00    0
  581  1    7   0.12720E+02     0.20719E+01    0.00000E+00      0.000000    0.29815E+03   0.000E+00    0
  582  1    7   0.15120E+02     0.21909E+01    0.00000E+00      0.000000    0.29815E+03   0.000E+00    0
  583  1    7   0.20650E+02     0.23563E+01    0.00000E+00      0.000000    0.29815E+03   0.000E+00    0
  584  1    7   0.22630E+02     0.23883E+01    0.00000E+00      0.000000    0.29815E+03   0.000E+00    0
  585  1    8   0.73000E-01     0.63450E+00    0.00000E+00      0.000000    0.29815E+03   0.000E+00    0
  586  1    8   0.24100E+00     0.65440E+00    0.00000E+00      0.000000    0.29815E+03   0.000E+00    0
  587  1    8   0.31500E+00     0.65470E+00    0.00000E+00      0.000000    0.29815E+03   0.000E+00    0
  588  1    8   0.54900E+00     0.66960E+00    0.00000E+00      0.000000    0.29815E+03   0.000E+00    0
  589  1    8   0.63600E+00     0.67590E+00    0.00000E+00      0.000000    0.29815E+03   0.000E+00    0
  590  1    8   0.89200E+00     0.70150E+00    0.00000E+00      0.000000    0.29815E+03   0.000E+00    0
  591  1    8   0.10970E+01     0.72090E+00    0.00000E+00      0.000000    0.29815E+03   0.000E+00    0
  592  1    8   0.12820E+01     0.74230E+00    0.00000E+00      0.000000    0.29815E+03   0.000E+00    0
  593  1    8   0.16710E+01     0.80270E+00    0.80139E+00     -0.001312    0.29815E+03   0.430E+05    0
  594  1    8   0.17720E+01     0.81460E+00    0.81498E+00      0.000377    0.29815E+03   0.430E+05    0
  595  1    8   0.20090E+01     0.84490E+00    0.84766E+00      0.002758    0.29815E+03   0.430E+05    0
  596  1    8   0.24680E+01     0.90210E+00    0.00000E+00      0.000000    0.29815E+03   0.000E+00    0
  597  1    8   0.28710E+01     0.97370E+00    0.97313E+00     -0.000571    0.29815E+03   0.430E+05    0
  598  1    9   0.13880E+02     0.21360E+01    0.00000E+00      0.000000    0.29815E+03   0.000E+00    0
  599  1    9   0.18510E+02     0.23098E+01    0.00000E+00      0.000000    0.29815E+03   0.000E+00    0
  600  1    9   0.27740E+02     0.24340E+01    0.00000E+00      0.000000    0.29815E+03   0.000E+00    0
  601  1   10   0.34619E+00     0.66456E+00    0.66640E+00      0.001836    0.29815E+03   0.430E+05    0
  602  1   10   0.37271E+00     0.66542E+00    0.66747E+00      0.002052    0.29815E+03   0.430E+05    0
  603  1   10   0.48610E+00     0.67204E+00    0.67360E+00      0.001557    0.29815E+03   0.430E+05    0
  604  1   10   0.50343E+00     0.67247E+00    0.67471E+00      0.002240    0.29815E+03   0.430E+05    0
  605  1   10   0.60586E+00     0.68031E+00    0.68205E+00      0.001742    0.29815E+03   0.430E+05    0
  606  1   10   0.61247E+00     0.68080E+00    0.68257E+00      0.001766    0.29815E+03   0.430E+05    0
  607  1   10   0.70134E+00     0.68850E+00    0.68990E+00      0.001399    0.29815E+03   0.430E+05    0
  608  1   10   0.70516E+00     0.68883E+00    0.69023E+00      0.001400    0.29815E+03   0.430E+05    0
  609  1   10   0.79361E+00     0.69804E+00    0.69825E+00      0.000211    0.29815E+03   0.430E+05    0
  610  1   10   0.79934E+00     0.69833E+00    0.69879E+00      0.000462    0.29815E+03   0.430E+05    0
  611  1   10   0.90220E+00     0.70856E+00    0.70891E+00      0.000350    0.29815E+03   0.430E+05    0
  612  1   10   0.95040E+00     0.71419E+00    0.71390E+00     -0.000293    0.29815E+03   0.430E+05    0
  613  1   10   0.10218E+01     0.72171E+00    0.72154E+00     -0.000166    0.29815E+03   0.430E+05    0
  614  1   10   0.10751E+01     0.72847E+00    0.72744E+00     -0.001031    0.29815E+03   0.430E+05    0
  615  1   10   0.11185E+01     0.73250E+00    0.73235E+00     -0.000152    0.29815E+03   0.430E+05    0
  616  1   10   0.11282E+01     0.73456E+00    0.73346E+00     -0.001102    0.29815E+03   0.430E+05    0
  617  1   10   0.12301E+01     0.74712E+00    0.74538E+00     -0.001736    0.29815E+03   0.430E+05    0
  618  1   10   0.12514E+01     0.74932E+00    0.74793E+00     -0.001385    0.29815E+03   0.430E+05    0
  619  1   10   0.13901E+01     0.76658E+00    0.76497E+00     -0.001605    0.29815E+03   0.430E+05    0
  620  1   10   0.14815E+01     0.77867E+00    0.77657E+00     -0.002099    0.29815E+03   0.430E+05    0
  621  1   10   0.16240E+01     0.79665E+00    0.79515E+00     -0.001505    0.29815E+03   0.430E+05    0
  622  1   10   0.17355E+01     0.81097E+00    0.81004E+00     -0.000930    0.29815E+03   0.430E+05    0
  623  1   10   0.17886E+01     0.81825E+00    0.81723E+00     -0.001019    0.29815E+03   0.430E+05    0
  624  1   10   0.18285E+01     0.82376E+00    0.82267E+00     -0.001087    0.29815E+03   0.430E+05    0
  625  1   10   0.19780E+01     0.84375E+00    0.84333E+00     -0.000423    0.29815E+03   0.430E+05    0
  626  1   10   0.21108E+01     0.86221E+00    0.86199E+00     -0.000224    0.29815E+03   0.430E+05    0
  627  1   10   0.23366E+01     0.89431E+00    0.89428E+00     -0.000027    0.29815E+03   0.430E+05    0
  628  1   10   0.26413E+01     0.93842E+00    0.93885E+00      0.000429    0.29815E+03   0.430E+05    0
  629  1   10   0.27521E+01     0.95516E+00    0.95531E+00      0.000153    0.29815E+03   0.430E+05    0
  630  1   10   0.27926E+01     0.96100E+00    0.96136E+00      0.000364    0.29815E+03   0.430E+05    0
  631  1   10   0.32236E+01     0.10274E+01    0.10269E+01     -0.000520    0.29815E+03   0.430E+05    0
  632  1   10   0.33335E+01     0.10436E+01    0.10439E+01      0.000206    0.29815E+03   0.430E+05    0
  633  1   10   0.34379E+01     0.10599E+01    0.10601E+01      0.000176    0.29815E+03   0.430E+05    0
  634  1   10   0.34872E+01     0.10673E+01    0.10678E+01      0.000548    0.29815E+03   0.430E+05    0
  635  1   10   0.35536E+01     0.10781E+01    0.10782E+01      0.000116    0.29815E+03   0.430E+05    0
  636  1   10   0.35573E+01     0.10788E+01    0.10788E+01      0.000078    0.29815E+03   0.430E+05    0
  637  1   10   0.36148E+01     0.10874E+01    0.10879E+01      0.000468    0.29815E+03   0.430E+05    0
  638  1   10   0.36827E+01     0.10973E+01    0.10986E+01      0.001344    0.29815E+03   0.430E+05    0
  639  1   10   0.37353E+01     0.11061E+01    0.11069E+01      0.000824    0.29815E+03   0.430E+05    0
  640  1   10   0.39047E+01     0.11334E+01    0.11338E+01      0.000353    0.29815E+03   0.430E+05    0
  641  1   10   0.40512E+01     0.11562E+01    0.11571E+01      0.000933    0.29815E+03   0.430E+05    0
  642  1   10   0.42265E+01     0.11867E+01    0.11850E+01     -0.001788    0.29815E+03   0.430E+05    0
  643  1   10   0.43615E+01     0.12081E+01    0.12063E+01     -0.001746    0.29815E+03   0.430E+05    0
  644  1   10   0.43599E+01     0.12093E+01    0.12061E+01     -0.003278    0.29815E+03   0.430E+05    0
  645  1   11   0.11329E+01     0.73400E+00    0.73400E+00     -0.000002    0.29815E+03   0.430E+04    0
  646  1   11   0.25490E+01     0.92680E+00    0.92524E+00     -0.001563    0.29815E+03   0.430E+04    0
  647  1   11   0.33987E+01     0.10461E+01    0.00000E+00      0.000000    0.29815E+03   0.000E+00    0
  648  1   11   0.43697E+01     0.12055E+01    0.12076E+01      0.002119    0.29815E+03   0.430E+04    0
  649  1   11   0.54902E+01     0.13836E+01    0.00000E+00      0.000000    0.29815E+03   0.000E+00    0
  650  1   11   0.67973E+01     0.15526E+01    0.00000E+00      0.000000    0.29815E+03   0.000E+00    0
  651  1   11   0.83422E+01     0.17160E+01    0.00000E+00      0.000000    0.29815E+03   0.000E+00    0
  652  1   11   0.10196E+02     0.18677E+01    0.00000E+00      0.000000    0.29815E+03   0.000E+00    0
  653  1   11   0.12462E+02     0.20101E+01    0.00000E+00      0.000000    0.29815E+03   0.000E+00    0
  654  1   11   0.15294E+02     0.21712E+01    0.00000E+00      0.000000    0.29815E+03   0.000E+00    0
  655  1   11   0.18935E+02     0.22786E+01    0.00000E+00      0.000000    0.29815E+03   0.000E+00    0
  656  1   11   0.23791E+02     0.25631E+01    0.00000E+00      0.000000    0.29815E+03   0.000E+00    0
  657  1   12   0.11328E+01     0.69980E+00    0.00000E+00      0.000000    0.29815E+03   0.000E+00    0
  658  1   12   0.25490E+01     0.91020E+00    0.00000E+00      0.000000    0.29815E+03   0.000E+00    0
  659  1   12   0.43697E+01     0.12223E+01    0.00000E+00      0.000000    0.29815E+03   0.000E+00    0
  660  1   12   0.67973E+01     0.15621E+01    0.00000E+00      0.000000    0.29815E+03   0.000E+00    0
  661  1   12   0.83422E+01     0.17255E+01    0.00000E+00      0.000000    0.29815E+03   0.000E+00    0
  662  1   12   0.10196E+02     0.18930E+01    0.00000E+00      0.000000    0.29815E+03   0.000E+00    0
  663  1   12   0.12462E+02     0.20749E+01    0.00000E+00      0.000000    0.29815E+03   0.000E+00    0
  664  1   12   0.15294E+02     0.22309E+01    0.00000E+00      0.000000    0.29815E+03   0.000E+00    0
  665  1   12   0.18935E+02     0.23196E+01    0.00000E+00      0.000000    0.29815E+03   0.000E+00    0
  666  1   12   0.23791E+02     0.24110E+01    0.00000E+00      0.000000    0.29815E+03   0.000E+00    0
  667  1   12   0.30587E+02     0.24640E+01    0.00000E+00      0.000000    0.29815E+03   0.000E+00    0
  668  1   12   0.40782E+02     0.25040E+01    0.00000E+00      0.000000    0.29815E+03   0.000E+00    0
  669  1   13   0.43555E+01     0.12084E+01    0.12054E+01     -0.003003    0.29815E+03   0.430E+05    0
  670  1   13   0.43181E+01     0.12021E+01    0.11995E+01     -0.002655    0.29815E+03   0.430E+05    0
  671  1   13   0.40952E+01     0.11662E+01    0.11641E+01     -0.002089    0.29815E+03   0.430E+05    0
  672  1   13   0.39153E+01     0.11363E+01    0.11355E+01     -0.000832    0.29815E+03   0.430E+05    0
  673  1   13   0.37477E+01     0.11089E+01    0.11089E+01     -0.000013    0.29815E+03   0.430E+05    0
  674  1   13   0.35780E+01     0.10826E+01    0.10821E+01     -0.000547    0.29815E+03   0.430E+05    0
  675  1   13   0.34443E+01     0.10610E+01    0.10611E+01      0.000116    0.29815E+03   0.430E+05    0
  676  1   13   0.32965E+01     0.10381E+01    0.10381E+01      0.000057    0.29815E+03   0.430E+05    0
  677  1   13   0.30323E+01     0.99788E+00    0.99754E+00     -0.000339    0.29815E+03   0.430E+05    0
  678  1   13   0.27721E+01     0.95934E+00    0.95830E+00     -0.001041    0.29815E+03   0.430E+05    0
  679  1   13   0.25275E+01     0.92192E+00    0.92208E+00      0.000160    0.29815E+03   0.430E+05    0
  680  1   13   0.23034E+01     0.88946E+00    0.88949E+00      0.000033    0.29815E+03   0.430E+05    0
  681  1   13   0.22993E+01     0.88910E+00    0.88890E+00     -0.000198    0.29815E+03   0.430E+05    0
  682  1   13   0.21296E+01     0.86479E+00    0.86465E+00     -0.000141    0.29815E+03   0.430E+05    0
  683  1   13   0.21114E+01     0.86196E+00    0.86207E+00      0.000111    0.29815E+03   0.430E+05    0
  684  1   13   0.20910E+01     0.85946E+00    0.85919E+00     -0.000273    0.29815E+03   0.430E+05    0
  685  1   17   0.16953E+00     0.66803E+00    0.66615E+00     -0.001876    0.29815E+03   0.430E+05    0
  686  1   17   0.15862E+00     0.66778E+00    0.66691E+00     -0.000872    0.29815E+03   0.430E+05    0
  687  1   17   0.14817E+00     0.66778E+00    0.66780E+00      0.000021    0.29815E+03   0.430E+05    0
  688  1   17   0.14053E+00     0.66806E+00    0.66858E+00      0.000517    0.29815E+03   0.430E+05    0
  689  1   19   0.44226E+00     0.66692E+00    0.67097E+00      0.004053    0.29815E+03   0.430E+05    0
  690  1   19   0.45410E+00     0.66699E+00    0.67165E+00      0.004663    0.29815E+03   0.430E+05    0
  691  1   19   0.48702E+00     0.67086E+00    0.67365E+00      0.002795    0.29815E+03   0.430E+05    0
  692  1   21   0.44197E+01     0.12154E+01    0.12155E+01      0.000072    0.29815E+03   0.430E+05    0
  693  1   21   0.42431E+01     0.11880E+01    0.11876E+01     -0.000445    0.29815E+03   0.430E+05    0
  694  1   21   0.40255E+01     0.11513E+01    0.11530E+01      0.001685    0.29815E+03   0.430E+05    0
  695  1   21   0.40669E+01     0.11585E+01    0.11596E+01      0.001120    0.29815E+03   0.430E+05    0
  696  1   14   0.48348E+00     0.65699E+00    0.65830E+00      0.001313    0.32315E+03   0.430E+05    0
  697  1   14   0.41644E+00     0.65315E+00    0.65355E+00      0.000399    0.32315E+03   0.430E+05    0
  698  1   14   0.35785E+00     0.64884E+00    0.64989E+00      0.001048    0.32315E+03   0.430E+05    0
  699  1   14   0.30366E+00     0.65034E+00    0.00000E+00      0.000000    0.32315E+03   0.000E+00    0
  700  1   14   0.25758E+00     0.64818E+00    0.00000E+00      0.000000    0.32315E+03   0.000E+00    0
  701  1   14   0.25754E+00     0.64524E+00    0.64527E+00      0.000032    0.32315E+03   0.430E+05    0
  702  1   14   0.18939E+00     0.64996E+00    0.00000E+00      0.000000    0.32315E+03   0.000E+00    0
  703  1   14   0.75427E+00     0.68122E+00    0.68135E+00      0.000129    0.32315E+03   0.430E+05    0
  704  1   14   0.49867E+00     0.65967E+00    0.65945E+00     -0.000223    0.32315E+03   0.430E+05    0
  705  1   14   0.51328E+00     0.65938E+00    0.66057E+00      0.001189    0.32315E+03   0.430E+05    0
  706  1   14   0.62428E+00     0.66861E+00    0.66967E+00      0.001055    0.32315E+03   0.430E+05    0
  707  1   14   0.86313E+00     0.69151E+00    0.69180E+00      0.000288    0.32315E+03   0.430E+05    0
  708  1   14   0.10072E+01     0.70623E+00    0.70638E+00      0.000154    0.32315E+03   0.430E+05    0
  709  1   14   0.11774E+01     0.72456E+00    0.72451E+00     -0.000050    0.32315E+03   0.430E+05    0
  710  1   14   0.14017E+01     0.74902E+00    0.74960E+00      0.000578    0.32315E+03   0.430E+05    0
  711  1   14   0.14785E+01     0.75658E+00    0.75845E+00      0.001871    0.32315E+03   0.430E+05    0
  712  1   14   0.15530E+01     0.76754E+00    0.76714E+00     -0.000402    0.32315E+03   0.430E+05    0
  713  1   14   0.17815E+01     0.79353E+00    0.79441E+00      0.000883    0.32315E+03   0.430E+05    0
  714  1   14   0.22165E+01     0.84729E+00    0.84829E+00      0.001002    0.32315E+03   0.430E+05    0
  715  1   14   0.21157E+01     0.82994E+00    0.00000E+00      0.000000    0.32315E+03   0.000E+00    0
  716  1   14   0.25416E+01     0.88993E+00    0.88981E+00     -0.000120    0.32315E+03   0.430E+05    0
  717  1   14   0.39014E+01     0.10702E+01    0.10696E+01     -0.000612    0.32315E+03   0.430E+05    0
  718  1   14   0.38479E+01     0.10622E+01    0.10624E+01      0.000184    0.32315E+03   0.430E+05    0
  719  1   14   0.41755E+01     0.11077E+01    0.11061E+01     -0.001587    0.32315E+03   0.430E+05    0
  720  1   14   0.35740E+01     0.10258E+01    0.10258E+01     -0.000010    0.32315E+03   0.430E+05    0
  721  1   14   0.35183E+01     0.10184E+01    0.10184E+01     -0.000021    0.32315E+03   0.430E+05    0
  722  1   14   0.31028E+01     0.96363E+00    0.96320E+00     -0.000425    0.32315E+03   0.430E+05    0
  723  1   14   0.18552E+01     0.80420E+00    0.80337E+00     -0.000825    0.32315E+03   0.430E+05    0
  724  1   14   0.75731E+00     0.68167E+00    0.68163E+00     -0.000037    0.32315E+03   0.430E+05    0
  725  1   14   0.78004E+00     0.68432E+00    0.68377E+00     -0.000547    0.32315E+03   0.430E+05    0
  726  1   14   0.10175E+01     0.70779E+00    0.70745E+00     -0.000336    0.32315E+03   0.430E+05    0
  727  1   14   0.15932E+01     0.77275E+00    0.77187E+00     -0.000878    0.32315E+03   0.430E+05    0
  728  1   14   0.17676E+01     0.79354E+00    0.79273E+00     -0.000813    0.32315E+03   0.430E+05    0
  729  1   14   0.13292E+01     0.74210E+00    0.74136E+00     -0.000739    0.32315E+03   0.430E+05    0
  730  1   14   0.14951E+01     0.76104E+00    0.76037E+00     -0.000670    0.32315E+03   0.430E+05    0
  731  1   14   0.19191E+01     0.81210E+00    0.81120E+00     -0.000897    0.32315E+03   0.430E+05    0
  732  1   14   0.24883E+01     0.88348E+00    0.88294E+00     -0.000536    0.32315E+03   0.430E+05    0
  733  1   14   0.30272E+01     0.95405E+00    0.95321E+00     -0.000838    0.32315E+03   0.430E+05    0
  734  1   14   0.35946E+01     0.10288E+01    0.10286E+01     -0.000175    0.32315E+03   0.430E+05    0
  735  1   14   0.38761E+01     0.10675E+01    0.10662E+01     -0.001282    0.32315E+03   0.430E+05    0
  736  1   14   0.31911E+01     0.97970E+00    0.00000E+00      0.000000    0.32315E+03   0.000E+00    0
  737  1   14   0.32590E+01     0.98452E+00    0.98390E+00     -0.000618    0.32315E+03   0.430E+05    0
  738  1   14   0.28928E+01     0.93643E+00    0.93553E+00     -0.000899    0.32315E+03   0.430E+05    0
  739  1   14   0.21928E+01     0.84626E+00    0.84529E+00     -0.000967    0.32315E+03   0.430E+05    0
  740  1   18   0.10330E+01     0.73050E+00    0.73229E+00      0.001786    0.27315E+03   0.108E+05    0
  741  1   18   0.14500E+01     0.79347E+00    0.00000E+00      0.000000    0.27315E+03   0.000E+00    0
  742  1   18   0.20750E+01     0.88560E+00    0.87844E+00     -0.007159    0.27315E+03   0.108E+05    0
  743  1   18   0.21860E+01     0.90909E+00    0.00000E+00      0.000000    0.27315E+03   0.000E+00    0
  744  1   18   0.29660E+01     0.10314E+01    0.10325E+01      0.001096    0.27315E+03   0.108E+05    0
  745  1   18   0.30860E+01     0.10561E+01    0.10546E+01     -0.001496    0.27315E+03   0.108E+05    0
  746  1   18   0.35760E+01     0.11522E+01    0.11476E+01     -0.004602    0.27315E+03   0.108E+05    0
  747  1   18   0.40870E+01     0.12495E+01    0.12468E+01     -0.002697    0.27315E+03   0.108E+05    0
  748  1   18   0.40960E+01     0.12467E+01    0.12485E+01      0.001798    0.27315E+03   0.108E+05    0
  749  2   21   0.26258E+01     0.34000E+00    0.29905E+00     -0.040953    0.29815E+03   0.600E+02    0
  750  2   21   0.38020E+01     0.30000E+00    0.32857E+00      0.028575    0.29815E+03   0.600E+02    0
  751  2   21   0.49921E+01     0.29000E+00    0.30810E+00      0.018105    0.29815E+03   0.600E+02    0
  752  2   21   0.55153E+01     0.30000E+00    0.28681E+00     -0.013190    0.29815E+03   0.600E+02    0
  753  2   21   0.66437E+01     0.29000E+00    0.00000E+00      0.000000    0.29815E+03   0.000E+00    0
  754  2   21   0.84843E+01     0.26000E+00    0.00000E+00      0.000000    0.29815E+03   0.000E+00    0
  755  2   21   0.10619E+02     0.25000E+00    0.00000E+00      0.000000    0.29815E+03   0.000E+00    0
  756  2   21   0.13082E+02     0.21000E+00    0.00000E+00      0.000000    0.29815E+03   0.000E+00    0
  757  2   21   0.19489E+02     0.12000E+00    0.00000E+00      0.000000    0.29815E+03   0.000E+00    0
  758  2   21   0.29263E+02     0.50000E-01    0.00000E+00      0.000000    0.29815E+03   0.000E+00    0
  759  2   21   0.62959E+02     0.66000E+00    0.00000E+00      0.000000    0.29815E+03   0.000E+00    0
  760  2   21   0.11786E+03     0.40000E+00    0.00000E+00      0.000000    0.29815E+03   0.000E+00    0
  761  2   21   0.13244E+04     0.40000E-01    0.00000E+00      0.000000    0.29815E+03   0.000E+00    0
  762  2   22   0.42619E+02     0.48900E-01    0.00000E+00      0.000000    0.29815E+03   0.000E+00    0
  763  2   22   0.32925E+02     0.75000E-01    0.00000E+00      0.000000    0.29815E+03   0.000E+00    0
  764  2   22   0.25070E+02     0.16070E+00    0.00000E+00      0.000000    0.29815E+03   0.000E+00    0
  765  2   22   0.19623E+02     0.11670E+00    0.00000E+00      0.000000    0.29815E+03   0.000E+00    0
  766  2   22   0.15300E+02     0.22950E+00    0.00000E+00      0.000000    0.29815E+03   0.000E+00    0
  767  2   22   0.11854E+02     0.25250E+00    0.00000E+00      0.000000    0.29815E+03   0.000E+00    0
  768  2   22   0.90336E+01     0.25100E+00    0.00000E+00      0.000000    0.29815E+03   0.000E+00    0
  769  2   22   0.78031E+01     0.23470E+00    0.00000E+00      0.000000    0.29815E+03   0.000E+00    0
  770  2   22   0.66735E+01     0.28500E+00    0.00000E+00      0.000000    0.29815E+03   0.000E+00    0
  771  2   22   0.46607E+01     0.27290E+00    0.31857E+00      0.045668    0.29815E+03   0.600E+02    0
  772  2   22   0.37579E+01     0.25530E+00    0.32831E+00      0.073009    0.29815E+03   0.600E+02    0
  773  2   22   0.29150E+01     0.24290E+00    0.00000E+00      0.000000    0.29815E+03   0.000E+00    0
  774  2   22   0.21225E+01     0.28060E+00    0.27808E+00     -0.002515    0.29815E+03   0.600E+02    0
  775  2   22   0.13769E+01     0.19200E+00    0.00000E+00      0.000000    0.29815E+03   0.000E+00    0
  776  2   22   0.10905E+01     0.23710E+00    0.23404E+00     -0.003060    0.29815E+03   0.600E+02    0
  777  2   22   0.80900E+00     0.21560E+00    0.22303E+00      0.007427    0.29815E+03   0.600E+02    0
  778  2   22   0.53437E+00     0.20270E+00    0.21484E+00      0.012143    0.29815E+03   0.600E+02    0
  779  2   22   0.26414E+00     0.16780E+00    0.00000E+00      0.000000    0.29815E+03   0.000E+00    0
  780  2   24   0.90651E-03     0.88300E+00    0.88032E+00     -0.002679    0.29815E+03   0.600E+02    0
  781  2   24   0.41970E-02     0.69500E+00    0.68655E+00     -0.008453    0.29815E+03   0.600E+02    0
  782  2   24   0.21941E-01     0.41500E+00    0.42628E+00      0.011277    0.29815E+03   0.600E+02    0
  783  2   24   0.57308E-01     0.28900E+00    0.31092E+00      0.021920    0.29815E+03   0.600E+02    0
  784  2   24   0.11003E+00     0.23200E+00    0.25781E+00      0.025809    0.29815E+03   0.600E+02    0
  785  2   24   0.26169E+00     0.19600E+00    0.21955E+00      0.023548    0.29815E+03   0.600E+02    0
  786  2   24   0.46798E+00     0.19700E+00    0.21392E+00      0.016915    0.29815E+03   0.600E+02    0
  787  2   24   0.72233E+00     0.21200E+00    0.21999E+00      0.007990    0.29815E+03   0.600E+02    0
  788  2   24   0.10142E+01     0.23800E+00    0.23095E+00     -0.007050    0.29815E+03   0.600E+02    0
  789  2   24   0.13459E+01     0.26600E+00    0.24468E+00     -0.021320    0.29815E+03   0.600E+02    0
  790  2   24   0.17267E+01     0.29100E+00    0.26097E+00     -0.030029    0.29815E+03   0.600E+02    0
  791  2   24   0.21578E+01     0.31400E+00    0.27960E+00     -0.034397    0.29815E+03   0.600E+02    0
  792  2   24   0.26344E+01     0.33800E+00    0.29938E+00     -0.038617    0.29815E+03   0.600E+02    0
  793  2   25   0.25074E-03     0.96000E+00    0.95844E+00     -0.001562    0.29815E+03   0.600E+02    0
  794  2   25   0.10030E-02     0.87400E+00    0.87100E+00     -0.002998    0.29815E+03   0.600E+02    0
  795  2   25   0.50157E-02     0.66800E+00    0.65833E+00     -0.009667    0.29815E+03   0.600E+02    0
  796  2   25   0.62698E-02     0.63200E+00    0.62228E+00     -0.009718    0.29815E+03   0.600E+02    0
  797  2   25   0.12542E-01     0.52200E+00    0.51014E+00     -0.011862    0.29815E+03   0.600E+02    0
  798  2   25   0.25095E-01     0.42280E+00    0.40771E+00     -0.015092    0.29815E+03   0.600E+02    0
  799  2   25   0.50232E-01     0.34400E+00    0.32421E+00     -0.019789    0.29815E+03   0.600E+02    0
  800  2   26   0.32744E+03     0.19326E+00    0.00000E+00      0.000000    0.29815E+03   0.000E+00    0
  801  2   26   0.78315E+02     0.63054E+00    0.00000E+00      0.000000    0.29815E+03   0.000E+00    0
  802  2   26   0.54667E+02     0.81555E+00    0.00000E+00      0.000000    0.29815E+03   0.000E+00    0
  803  2   26   0.40059E+02     0.99707E+00    0.00000E+00      0.000000    0.29815E+03   0.000E+00    0
  804  2   26   0.40059E+02     0.21583E-01    0.00000E+00      0.000000    0.29815E+03   0.000E+00    0
  805  2   26   0.21154E+02     0.10138E+00    0.00000E+00      0.000000    0.29815E+03   0.000E+00    0
  806  2   26   0.11802E+02     0.23018E+00    0.00000E+00      0.000000    0.29815E+03   0.000E+00    0
  807  2   26   0.80010E+01     0.30050E+00    0.00000E+00      0.000000    0.29815E+03   0.000E+00    0
  808  2   26   0.47309E+01     0.32746E+00    0.31660E+00     -0.010853    0.29815E+03   0.600E+02    0
  809  2   26   0.33419E+01     0.32881E+00    0.32210E+00     -0.006718    0.29815E+03   0.600E+02    0
  810  2   26   0.15591E+01     0.29932E+00    0.25376E+00     -0.045562    0.29815E+03   0.600E+02    0
  811  2   26   0.10190E+01     0.27551E+00    0.23114E+00     -0.044369    0.29815E+03   0.600E+02    0
  812  2   26   0.50212E+00     0.29472E+00    0.00000E+00      0.000000    0.29815E+03   0.000E+00    0
  813  2   26   0.33685E+00     0.26807E+00    0.21515E+00     -0.052919    0.29815E+03   0.600E+02    0
  814  2   26   0.20604E+00     0.27451E+00    0.22649E+00     -0.048015    0.29815E+03   0.600E+02    0
  815  2   26   0.10164E+00     0.31683E+00    0.26313E+00     -0.053697    0.29815E+03   0.600E+02    0
  816  2   26   0.50232E-01     0.34000E+00    0.32421E+00     -0.015789    0.29815E+03   0.600E+02    0
  817  2   26   0.78469E+02     0.67253E+00    0.00000E+00      0.000000    0.27315E+03   0.000E+00    0
  818  2   26   0.54667E+02     0.85733E+00    0.00000E+00      0.000000    0.27315E+03   0.000E+00    0
  819  2   26   0.40151E+02     0.99278E+00    0.00000E+00      0.000000    0.27315E+03   0.000E+00    0
  820  2   26   0.40151E+02     0.21352E-01    0.00000E+00      0.000000    0.27315E+03   0.000E+00    0
  821  2   26   0.21203E+02     0.14546E+00    0.00000E+00      0.000000    0.27315E+03   0.000E+00    0
  822  2   26   0.11791E+02     0.26482E+00    0.00000E+00      0.000000    0.27315E+03   0.000E+00    0
  823  2   26   0.80071E+01     0.36184E+00    0.00000E+00      0.000000    0.27315E+03   0.000E+00    0
  824  2   26   0.47440E+01     0.42184E+00    0.36528E+00     -0.056558    0.27315E+03   0.180E+02    0
  825  2   26   0.15639E+01     0.47106E+00    0.36316E+00     -0.107898    0.27315E+03   0.180E+02    0
  826  2   26   0.50379E+00     0.48387E+00    0.00000E+00      0.000000    0.27315E+03   0.000E+00    0
  827  2   26   0.78276E+02     0.65625E+00    0.00000E+00      0.000000    0.32315E+03   0.000E+00    0
  828  2   26   0.54625E+02     0.80268E+00    0.00000E+00      0.000000    0.32315E+03   0.000E+00    0
  829  2   26   0.40106E+02     0.90842E+00    0.00000E+00      0.000000    0.32315E+03   0.000E+00    0
  830  2   26   0.40106E+02     0.16000E-01    0.00000E+00      0.000000    0.32315E+03   0.000E+00    0
  831  2   26   0.21166E+02     0.56075E-01    0.00000E+00      0.000000    0.32315E+03   0.000E+00    0
  832  2   26   0.11825E+02     0.16861E+00    0.00000E+00      0.000000    0.32315E+03   0.000E+00    0
  833  2   26   0.80226E+01     0.21997E+00    0.00000E+00      0.000000    0.32315E+03   0.000E+00    0
  834  2   26   0.47271E+01     0.20460E+00    0.23186E+00      0.027253    0.32315E+03   0.180E+02    0
  835  2   26   0.15596E+01     0.20647E+00    0.19482E+00     -0.011652    0.32315E+03   0.180E+02    0
  836  2   26   0.10166E+01     0.17580E+00    0.17206E+00     -0.003744    0.32315E+03   0.180E+02    0
  837  2   26   0.33608E+00     0.21341E+00    0.14158E+00     -0.071840    0.32315E+03   0.180E+02    0
