

 EXIT OK FROM E04FDF: IFAIL =   5
 ON EXIT, SUM OF SQUARES =    57.343245

 EXIT OK FROM E04YCF: IFAIL =   0

 PARAMETERS AND THEIR STANDARD ERRORS:
       PARAMETER      STD. ERROR   ERR. RATIO
  1    0.227224654E+00   0.3752E-02   60.5602
  2   -0.381341809E+01   0.3196E+00  -11.9313
  3   -0.124959327E+00   0.1700E-01   -7.3492
  4   -0.235139899E-02   0.5313E-03   -4.4258
  5    0.372589344E+00   0.1476E-01   25.2361
  6    0.203131995E+00   0.3600E-01    5.6423
  7    0.429090458E-02   0.1951E-02    2.1994
  8   -0.551803073E-02   0.7120E-03   -7.7499
  9    0.435319370E+00   0.5804E-01    7.5002
 10    0.202453750E-01   0.3527E-02    5.7408
 11    0.412893575E-03   0.1199E-03    3.4425
 12    0.348915569E-01   0.8961E-02    3.8938
 13    0.497414933E+01   0.5924E+00    8.3968
 14    0.319942494E+00   0.3855E-01    8.2996
 15    0.841545545E-02   0.1441E-02    5.8382
 16   -0.107448968E+01   0.1624E+00   -6.6175
 17   -0.756307305E+02   0.8195E+01   -9.2292
 18   -0.230697842E+01   0.3534E+00   -6.5280
 19   -0.360625307E-01   0.6513E-02   -5.5372
 20    0.217906833E-01   0.3275E-02    6.6538
 21   -0.871152315E+00   0.2264E+00   -3.8475
 22   -0.590027307E-01   0.1297E-01   -4.5502
 23   -0.164847777E-02   0.3938E-03   -4.1859
 24    0.362357235E+02   0.2759E+01   13.1358
 25    0.760444700E+00   0.1419E+00    5.3587
 26   -0.210892469E+01   0.5273E+00   -3.9998
 27   -0.195067660E+02   0.4438E+01   -4.3955
 28    0.107755132E+01   0.8213E-04 99999
 29    0.889385802E+01   0.2119E+00   41.9754
 30    0.202319923E+00   0.3475E-02   58.2298
 31    0.169099667E+01   0.4324E-04 99999
 32   -0.727697765E+01   0.2325E+00  -31.3029
 33   -0.248298626E+00   0.3808E-02  -65.2042
 34    0.612357781E+00   0.3903E-04 99999
 35    0.681800400E+01   0.4481E+00   15.2170
 36    0.265904672E+00   0.7452E-02   35.6831
 37    0.352770439E+00   0.7424E-04 4751.7083
 38   -0.142417337E-03   0.7286E-04   -1.9547
 39    0.125210323E-03   0.1204E-03    1.0399
 40   -0.317349596E-03   0.6194E-04   -5.1232
 41   -0.220845399E-03   0.8404E-04   -2.6277
 42   -0.779934643E-03   0.7438E-04  -10.4854
 43   -0.286459166E+02   0.2988E+00  -95.8767
 44    0.369583906E+01   0.1826E+00   20.2440
 45   -0.483148906E+00   0.7879E-01   -6.1324